r (fm)	V(T=350 MeV)	V(T=250 MeV)	V(T=200 MeV)	V(T=160 MeV)
0.01	-0.7605991275554613	-0.9865561382588441	-1.1796264035102693	-1.4283188344625102
0.02404040404040404	-0.7498686039937881	-0.9732119755721624	-1.1640503646814624	-1.4098463916295123
0.038080808080808076	-0.73062296415379	-0.9492742449517515	-1.1361063966173681	-1.3767038647822838
0.05212121212121212	-0.7034379795616685	-0.9154514713088815	-1.0966172304561301	-1.3298630616336704
0.06616161616161616	-0.6691181159437011	-0.8727337596574339	-1.0467326487229633	-1.2706821744730743
0.08020202020202019	-0.6286633992956517	-0.8223521817707837	-0.9878824112040123	-1.2008502504070633
0.09424242424242422	-0.5832286461153934	-0.7657287965859063	-0.921718321082698	-1.1223188482312494
0.10828282828282827	-0.5340770295263491	-0.7044197164743305	-0.8500482247476533	-1.0372241750442666
0.1223232323232323	-0.4825302051218039	-0.6400539402430842	-0.774765096398554	-0.9478034175650708
0.13636363636363635	-0.42991735409880927	-0.5742708378354381	-0.6977745488770868	-0.8563092076707861
0.1504040404040404	-0.37752551072736895	-0.5086591839460795	-0.6209241266629489	-0.7649261790602176
0.16444444444444445	-0.326553427561006	-0.4447004995233087	-0.545937577278432	-0.6756933840187399
0.17848484848484847	-0.2780710030899899	-0.38371918121112414	-0.4743569747790759	-0.5904359593641805
0.19252525252525252	-0.23298596718008296	-0.3268414967644897	-0.4074951039015769	-0.510708882734243
0.20656565656565656	-0.19201910948167508	-0.2749650235787821	-0.3463999338195137	-0.4377549774472529
0.22060606060606058	-0.1556888691025198	-0.22873953708511077	-0.2918323503080505	-0.3724785462666591
0.23464646464646463	-0.12430560702531626	-0.18855974861369654	-0.2442576123192748	-0.31543518615264615
0.24868686868686868	-0.09797538397249539	-0.15456968255510478	-0.2038502930230351	-0.26683750403501993
0.2627272727272727	-0.0766125931190681	-0.12667790377797172	-0.17051179507202627	-0.2265756635072638
0.2767676767676768	-0.05996037457407292	-0.10458228926068076	-0.14389893105012963	-0.19425098636480678
0.2908080808080808	-0.047617388699145044	-0.0878026094226588	-0.12346156362348476	-0.1692202474678609
0.3048484848484848	-0.03906926518262217	-0.07571886558654267	-0.10848693002459107	-0.15064786501820845
0.3188888888888889	-0.03372288579162537	-0.06761313439678163	-0.0981480484206341	-0.13756292017700372
0.3329292929292929	-0.030941606182616883	-0.06271260438780384	-0.0915535270245783	-0.12891784896575662
0.34696969696969693	-0.03007957506256611	-0.06023155307040363	-0.08779616918141803	-0.12364573405370269
0.361010101010101	-0.030513460292693473	-0.059410196318394747	-0.08599797921450689	-0.12071337271603876
0.375050505050505	-0.03167012868112702	-0.05954863023937261	-0.08534950693048975	-0.11916768921522829
0.38909090909090904	-0.03304913212977248	-0.060034458285851106	-0.08514189929271389	-0.11817356678169735
0.4031313131313131	-0.034239207002374025	-0.06036312813867075	-0.08479052701333047	-0.11704176225563284
0.41717171717171714	-0.034928373528922085	-0.06015046638736002	-0.08384958989530202	-0.1152461978592177
0.43121212121212116	-0.03490760458952482	-0.05913736597387246	-0.0820176449778209	-0.1124305609808011
0.44525252525252523	-0.034068395950450886	-0.05718702443790145	-0.07913451429431341	-0.10840474703192071
0.45929292929292925	-0.032394892692667245	-0.054275525452465195	-0.07517048569724336	-0.10313221863342224
0.4733333333333333	-0.02995149218228977	-0.050476881191484906	-0.07020909668683453	-0.09670979825178487
0.48737373737373735	-0.026867039665731396	-0.04594389304029133	-0.06442506933291481	-0.08934173952024863
0.5014141414141413	-0.02331685041353337	-0.04088633320944539	-0.05805913279539204	-0.08131012138461426
0.5154545454545454	-0.019503829371090433	-0.03554799632615023	-0.05139152441716718	-0.07294367392431443
0.5294949494949495	-0.015639917659811355	-0.030184120627902024	-0.04471590382816398	-0.06458707865857925
0.5435353535353535	-0.011928981893666507	-0.025040541310846758	-0.03831525657891925	-0.05657260065990467
0.5575757575757575	-0.008552088115152397	-0.020335727234124624	-0.032441119923925135	-0.049195622987659594
0.5716161616161616	-0.005655881424371927	-0.016246583844584522	-0.0272971534780027	-0.04269528933724233
0.5856565656565657	-0.003344541483102092	-0.012898599844433792	-0.023027724666137867	-0.037241045559573666
0.5996969696969696	-0.0016755204900809804	-0.01036059406275071	-0.019711807785482826	-0.03292543381509874
0.6137373737373737	-0.0006590113146186706	-0.0086440033890367	-0.017362130587790365	-0.029763063426564148
0.6277777777777778	-0.00026085541213903714	-0.007706362209163848	-0.015929166387740553	-0.02769528686006987
0.6418181818181817	-0.0004083969146362972	-0.007458375627983105	-0.015309282565679254	-0.026599770971841328
0.6558585858585858	-0.000998631898262367	-0.007773796320748423	-0.015356133533871328	-0.026303891059935407
0.6698989898989899	-0.0019078977348777513	-0.008501187257040658	-0.01589423835023419	-0.026600700827570652
0.6839393939393938	-0.0030023002236509865	-0.009476594206576473	-0.016733615326464595	-0.027266151162057165
0.6979797979797979	-0.004148085547433786	-0.010536162516453807	-0.017684357807379758	-0.02807624423078406
0.712020202020202	-0.005221225978321534	-0.011527807279054543	-0.018570121192719478	-0.028822910214938158
0.726060606060606	-0.006115595382552589	-0.01232117585089314	-0.0192396410333827	-0.02932757005076284
0.74010101010101	-0.006749253048013143	-0.012815314705125857	-0.01957560176946798	-0.02945158248384989
0.7541414141414141	-0.007068520453416062	-0.01294365454125338	-0.019500408910396318	-0.029103048173218578
0.7681818181818181	-0.0070497126412751585	-0.012676143004007729	-0.018978666356186367	-0.02823973651919415
0.7822222222222222	-0.00669856111976476	-0.012018567776438517	-0.018016407203712226	-0.026868191235134408
0.7962626262626262	-0.006047526784756524	-0.011009309685249527	-0.016657353979402083	-0.025039338663544256
0.8103030303030302	-0.005151338884760385	-0.00971393318042262	-0.014976678207435515	-0.022841151276776373
0.8243434343434343	-0.004081201415257952	-0.008218150196715887	-0.01307287807158046	-0.020389094166589048
0.8383838383838383	-0.00291817604456139	-0.006619776268902325	-0.011058488898161177	-0.01781519546679718
0.8524242424242423	-0.0017462781586050874	-0.005020331680296238	-0.00905038059223328	-0.015256628218559519
0.8664646464646464	-0.0006458102180971363	-0.003516925772552652	-0.007160379442980856	-0.012844671688889349
0.8805050505050505	0.00031259253541006415	-0.002195003100469097	-0.005486883216991141	-0.010694839686532533
0.8945454545454544	0.0010728093784833235	-0.0011224325873291897	-0.004108025920822643	-0.008898831088699013
0.9085858585858585	0.0015966839492548204	-0.0003452942630345442	-0.0030768024741470055	-0.007518785875782555
0.9226262626262626	0.0018659054209049846	0.00011442682882516579	-0.0024183960616261995	-0.006584132907745707
0.9366666666666665	0.0018822747443637564	0.00025918200536518204	-0.0021297752769876086	-0.006091108944244192
0.9507070707070706	0.0016664310778181095	0.00011432582509570605	-0.0021814573988708837	-0.006004827387433565
0.9647474747474747	0.0012552227654997268	-0.00027506821463092436	-0.0025211802978973383	-0.006263594102556369
0.9787878787878787	0.0006979970787945699	-0.0008487103079383245	-0.00307909880350302	-0.0067850185002054425
0.9928282828282827	5.214788137443347e-05	-0.0015365031595608852	-0.0037740296321211583	-0.007473360003917594
1.0068686868686867	-0.0006217030158153271	-0.002264400041731442	-0.004520217069418533	-0.00822748882239517
1.0209090909090908	-0.0012645080121464136	-0.0029602463112162448	-0.005234081267931421	-0.008948827676222954
1.0349494949494948	-0.0018232181575757029	-0.0035591646026098913	-0.005840440930439827	-0.0095486762283022
1.048989898989899	-0.0022545158101353294	-0.004008101090225996	-0.006277768103751985	-0.009954397504447616
1.063030303030303	-0.0025276094838129538	-0.0042692328354470965	-0.006502128187894748	-0.010114057780228568
1.077070707070707	-0.002625927749960598	-0.004322036988399452	-0.00648957461796369	-0.00999924830535704
1.091111111111111	-0.0025476399692887907	-0.004163933188276577	-0.006236895407343135	-0.009605967549158627
1.105151515151515	-0.0023050234699751324	-0.0038095222660272762	-0.005760737869434856	-0.008953594631090299
1.119191919191919	-0.0019227827089485963	-0.0032885489667552185	-0.005095258734131135	-0.00808212691712506
1.1332323232323231	-0.0014354998631186057	-0.002642806452277006	-0.0042885509624193685	-0.007047977311687647
1.1472727272727272	-0.000884453260655096	-0.0019222698015281454	-0.003398178882473948	-0.005918721365107932
1.1613131313131313	-0.00031407661725117784	-0.0011807903726492432	-0.0024862049352255377	-0.004767245190188441
1.1753535353535352	0.0002316536091706561	-0.00047170052424005965	-0.0016141117768607761	-0.003665769331921847
1.1893939393939392	0.0007126233624951564	0.00015633128668205457	-0.0008380126166002956	-0.002680211011133989
1.2034343434343433	0.0010955278719881445	0.0006628896883030353	-0.0002045026802606213	-0.0018653001618758305
1.2174747474747474	0.0013561557755023396	0.0010185966789186477	0.0002525601345183128	-0.0012607884392527371
1.2315151515151515	0.0014808656362468716	0.0012069143262502865	0.0005141410563978824	-0.0008889918895674566
1.2455555555555555	0.00146717799299148	0.001224871864857479	0.0005768718248974856	-0.0007537956131367098
1.2595959595959594	0.0013234769292850453	0.0010827093651946658	0.0004526423683761161	-0.0008411315637817196
1.2736363636363635	0.0010678833928527136	0.000802513212470394	0.00016702746429489256	-0.0011208276545362425
1.2876767676767675	0.0007264231025496089	0.00041599243630268995	-0.00024327963137536006	-0.0015496259251427957
1.3017171717171716	0.00033066058591817003	-3.8395717199612396e-05	-0.0007337859846291184	-0.0020750867374694022
1.3157575757575757	-8.499549672006972e-05	-0.0005187215741522373	-0.001255982184812623	-0.0026400401023098335
1.3297979797979798	-0.00048609399530019095	-0.0009829904820462926	-0.0017612784024119109	-0.0031872175173672506
1.3438383838383836	-0.0008408291340279164	-0.0013924133180106216	-0.0022047829703667884	-0.003663699074293162
1.3578787878787877	-0.0011224116601008564	-0.0017142930147944885	-0.0025486380109264323	-0.004024839800202389
1.3719191919191918	-0.0013109529391058972	-0.0019243196320773359	-0.0027646722994428647	-0.004237392910030999
1.3859595959595958	-0.0013947359840499702	-0.00200812035967115	-0.002836193746284716	-0.004281620809091076
1.4	-0.001370799623848112	-0.001961974329005708	-0.002758817207538724	-0.004152270969179962