#r_rel[fm]	P(r_rel)_boundstates	P(r_rel)_ges
0 0.0145518 0.00016961
0.0024 0.0782158 0.000911652
0.0048 0.225553 0.00262895
0.0072 0.465657 0.00542751
0.0096 0.687572 0.00801406
0.012 1.02408 0.0119787
0.0144 1.39515 0.0162613
0.0168 1.85535 0.0216252
0.0192 2.44834 0.0285368
0.0216 2.94856 0.0343884
0.024 3.39602 0.0396251
0.0264 4.09087 0.0477663
0.0288 4.63838 0.0541055
0.0312 5.20044 0.0606779
0.0336 5.82071 0.0679499
0.036 6.28637 0.073335
0.0384 6.89391 0.0804162
0.0408 7.42869 0.0867342
0.0432 7.90889 0.0922465
0.0456 8.2254 0.0959355
0.048 8.37819 0.0977588
0.0504 8.80565 0.102783
0.0528 9.26585 0.108105
0.0552 9.77152 0.114169
0.0576 9.67694 0.112981
0.06 9.83155 0.114805
0.0624 10.0898 0.117773
0.0648 10.0589 0.117497
0.0672 10.1571 0.118748
0.0696 10.2081 0.119342
0.072 10.1862 0.118939
0.0744 10.0898 0.117773
0.0768 9.85156 0.115038
0.0792 9.88976 0.115843
0.0816 9.65511 0.112833
0.084 9.204 0.107617
0.0864 8.90569 0.104056
0.0888 8.73471 0.102126
0.0912 8.21812 0.0960627
0.0936 8.22903 0.0964231
0.096 7.81249 0.0917589
0.0984 7.37594 0.0864374
0.1008 7.18858 0.0842536
0.1032 6.82842 0.0800346
0.1056 6.35185 0.0745011
0.108 6.32093 0.0743739
0.1104 5.77706 0.0680559
0.1128 5.62608 0.066169
0.1152 5.46238 0.0642609
0.1176 5.09312 0.0599358
0.12 4.76207 0.0560984
0.1224 4.47104 0.0527698
0.1248 4.34007 0.0510949
0.1272 3.74708 0.0443953
0.1296 3.91625 0.0464307
0.132 3.5088 0.0414484
0.1344 3.33782 0.0400703
0.1368 3.22686 0.0384378
0.1392 2.98493 0.0355756
0.1416 2.70481 0.0322895
0.144 2.50654 0.0300421
0.1464 2.39195 0.0289397
0.1488 2.29554 0.0276888
0.1512 2.06817 0.0249538
0.1536 1.91538 0.0231517
0.156 1.91356 0.0233425
0.1584 1.76258 0.0214344
0.1608 1.7062 0.0208196
0.1632 1.50975 0.0185299
0.1656 1.37514 0.0172154
0.168 1.3424 0.0164097
0.1704 1.36241 0.0169186
0.1728 1.12049 0.0140776
0.1752 1.13868 0.0143108
0.1776 0.976788 0.0125299
0.18 1.00953 0.0126783
0.1824 0.864012 0.0111306
0.1848 0.893116 0.0115335
0.1872 0.756693 0.00981616
0.1896 0.758512 0.00975256
0.192 0.760331 0.00979496
0.1944 0.643916 0.0087773
0.1968 0.667563 0.00894691
0.1992 0.58389 0.00795046
0.2016 0.53114 0.00750523
0.204 0.569339 0.00782325
0.2064 0.465657 0.00667838
0.2088 0.467476 0.00686919
0.2112 0.44201 0.00633916
0.2136 0.401993 0.00553352
0.216 0.387441 0.00604235
0.2184 0.416545 0.00614835
0.2208 0.334691 0.0051519
0.2232 0.358338 0.00534271
0.2256 0.296493 0.00443105
0.228 0.28376 0.00472787
0.2304 0.261932 0.00417664
0.2328 0.269208 0.00440985
0.2352 0.23101 0.00409183
0.2376 0.187354 0.00324379
0.24 0.221915 0.00371021
0.2424 0.227372 0.00383742
0.2448 0.216458 0.0035618
0.2472 0.185535 0.00332859
0.2496 0.214639 0.00394343
0.252 0.17644 0.0034346
0.2544 0.163708 0.00330739
0.2568 0.156432 0.003477
0.2592 0.154613 0.00339219
0.2616 0.129147 0.00296817
0.264 0.100044 0.00294697
0.2664 0.132785 0.00307418
0.2688 0.158251 0.00301057
0.2712 0.112776 0.00298937
0.2736 0.0945866 0.00262895
0.276 0.103681 0.00265015
0.2784 0.130966 0.00305298
0.2808 0.0982245 0.00262895
0.2832 0.1055 0.00260775
0.2856 0.0909486 0.00277736
0.288 0.0891297 0.00256535
0.2904 0.0891297 0.00262895
0.2928 0.0873107 0.00277736
0.2952 0.0818538 0.00288337
0.2976 0.0964056 0.00273496
0.3 0.0891297 0.00262895
0.3024 0.0836728 0.00281976
0.3048 0.0927676 0.00265015
0.3072 0.0909486 0.00286216
0.3096 0.0854917 0.00265015
0.312 0.0964056 0.00273496
0.3144 0.0745779 0.00250174
0.3168 0.0891297 0.00277736
0.3192 0.0945866 0.00296817
0.3216 0.0782158 0.00250174
0.324 0.0909486 0.00305298
0.3264 0.0763969 0.00239574
0.3288 0.065483 0.00267135
0.3312 0.0763969 0.00265015
0.3336 0.0636641 0.00256535
0.336 0.0891297 0.00252294
0.3384 0.0873107 0.00248054
0.3408 0.0854917 0.00326499
0.3432 0.0873107 0.00294697
0.3456 0.0800348 0.00275616
0.348 0.0636641 0.00273496
0.3504 0.0836728 0.00290457
0.3528 0.0836728 0.00292577
0.3552 0.0509312 0.00265015
0.3576 0.0709399 0.00290457
0.36 0.065483 0.00235334
0.3624 0.0709399 0.00301057
0.3648 0.0818538 0.00313778
0.3672 0.0782158 0.00311658
0.3696 0.067302 0.00322258
0.372 0.0873107 0.00371021
0.3744 0.0763969 0.00324379
0.3768 0.101862 0.00404943
0.3792 0.0964056 0.00375262
0.3816 0.0800348 0.00311658
0.384 0.0763969 0.0034982
0.3864 0.0709399 0.00318018
0.3888 0.116414 0.00375262
0.3912 0.0763969 0.00392223
0.3936 0.100044 0.00360421
0.396 0.0982245 0.00392223
0.3984 0.109138 0.00375262
0.4008 0.100044 0.00415544
0.4032 0.067302 0.00358301
0.4056 0.0945866 0.00419784
0.408 0.101862 0.00415544
0.4104 0.0982245 0.00396463
0.4128 0.107319 0.00358301
0.4152 0.1055 0.00409183
0.4176 0.0891297 0.00390102
0.42 0.0909486 0.00371021
0.4224 0.1055 0.00436745
0.4248 0.0927676 0.00387982
0.4272 0.0927676 0.00451586
0.4296 0.110957 0.00390102
0.432 0.0909486 0.00396463
0.4344 0.103681 0.00440985
0.4368 0.110957 0.00440985
0.4392 0.0745779 0.00409183
0.4416 0.114595 0.00451586
0.444 0.109138 0.00432505
0.4464 0.114595 0.00479148
0.4488 0.100044 0.00453706
0.4512 0.0873107 0.00400703
0.4536 0.0982245 0.00470667
0.456 0.0854917 0.00430385
0.4584 0.109138 0.00479148
0.4608 0.0891297 0.00432505
0.4632 0.1055 0.00489748
0.4656 0.0818538 0.00483388
0.468 0.1055 0.00485508
0.4704 0.110957 0.00485508
0.4728 0.0927676 0.00491868
0.4752 0.107319 0.00460066
0.4776 0.0891297 0.00428265
0.48 0.100044 0.00468547
0.4824 0.0709399 0.00451586
0.4848 0.0563882 0.00417664
0.4872 0.0836728 0.00477027
0.4896 0.0854917 0.00460066
0.492 0.0891297 0.00440985
0.4944 0.0891297 0.00464307
0.4968 0.0763969 0.00502469
0.4992 0.0782158 0.00451586
0.5016 0.0782158 0.00489748
0.504 0.0927676 0.00468547
0.5064 0.067302 0.00445226
0.5088 0.0854917 0.00506709
0.5112 0.0818538 0.00424024
0.5136 0.067302 0.00428265
0.516 0.0636641 0.00443105
0.5184 0.0418364 0.00438865
0.5208 0.067302 0.00455826
0.5232 0.0945866 0.00546991
0.5256 0.0582071 0.00477027
0.528 0.0527502 0.00510949
0.5304 0.0436553 0.00493988
0.5328 0.0618451 0.00470667
0.5352 0.0563882 0.00464307
0.5376 0.067302 0.00493988
0.54 0.0363795 0.00481268
0.5424 0.0472933 0.00485508
0.5448 0.0400174 0.00464307
0.5472 0.0509312 0.00436745
0.5496 0.0545692 0.00434625
0.552 0.0400174 0.00474907
0.5544 0.0472933 0.0052155
0.5568 0.0363795 0.00470667
0.5592 0.0509312 0.00453706
0.5616 0.0418364 0.00430385
0.564 0.0363795 0.00502469
0.5664 0.0309225 0.00474907
0.5688 0.0291036 0.00538511
0.5712 0.0436553 0.00472787
0.5736 0.0272846 0.00502469
0.576 0.0181897 0.00407063
0.5784 0.0291036 0.00426144
0.5808 0.0309225 0.00466427
0.5832 0.0363795 0.0053003
0.5856 0.0218277 0.00485508
0.588 0.0218277 0.00483388
0.5904 0.0254656 0.00468547
0.5928 0.0145518 0.00500349
0.5952 0.0327415 0.00434625
0.5976 0.0381984 0.00496108
0.6 0.0272846 0.00510949
0.6024 0.0163708 0.00513069
0.6048 0.0181897 0.00504589
0.6072 0.0327415 0.00510949
0.6096 0.0218277 0.00513069
0.612 0.0200087 0.0051731
0.6144 0.0200087 0.00504589
0.6168 0.0236466 0.00485508
0.6192 0.0345605 0.00583033
0.6216 0.0309225 0.00583033
0.624 0.0127328 0.0052155
0.6264 0.0145518 0.00546991
0.6288 0.0272846 0.0051519
0.6312 0.0163708 0.00536391
0.6336 0.0181897 0.00572433
0.636 0.0218277 0.00534271
0.6384 0.0363795 0.00498229
0.6408 0.0218277 0.00513069
0.6432 0.0236466 0.00532151
0.6456 0.0145518 0.0052367
0.648 0.0145518 0.00468547
0.6504 0.0127328 0.0052579
0.6528 0.0254656 0.00570313
0.6552 0.0109138 0.00546991
0.6576 0.0254656 0.0052155
0.66 0.0327415 0.00614835
0.6624 0.0218277 0.00555472
0.6648 0.0218277 0.00538511
0.6672 0.0254656 0.00631796
0.6696 0.0145518 0.00623316
0.672 0.0200087 0.00546991
0.6744 0.0181897 0.00623316
0.6768 0.0363795 0.00619076
0.6792 0.0236466 0.00614835
0.6816 0.0291036 0.00616955
0.684 0.0236466 0.00716601
0.6864 0.0236466 0.00576673
0.6888 0.0327415 0.00640277
0.6912 0.0254656 0.00621196
0.6936 0.0291036 0.00636037
0.696 0.0218277 0.00549112
0.6984 0.0291036 0.00589394
0.7008 0.0291036 0.00614835
0.7032 0.0327415 0.00633916
0.7056 0.0272846 0.00646637
0.708 0.0145518 0.00661478
0.7104 0.0200087 0.00642397
0.7128 0.0218277 0.00720841
0.7152 0.0236466 0.00646637
0.7176 0.0309225 0.00648757
0.72 0.0309225 0.00657238
0.7224 0.0254656 0.00756883
0.7248 0.0272846 0.00669958
0.7272 0.0400174 0.00742043
0.7296 0.0272846 0.0069116
0.732 0.0163708 0.0069964
0.7344 0.0309225 0.00750523
0.7368 0.0254656 0.00652997
0.7392 0.0418364 0.00712361
0.7416 0.0218277 0.00735682
0.744 0.0345605 0.00761124
0.7464 0.0327415 0.00797166
0.7488 0.0309225 0.00731442
0.7512 0.0327415 0.00775965
0.7536 0.0236466 0.00826847
0.756 0.0418364 0.00773844
0.7584 0.0472933 0.00782325
0.7608 0.0291036 0.00733562
0.7632 0.0272846 0.00807766
0.7656 0.0363795 0.00816247
0.768 0.0400174 0.0086501
0.7704 0.0436553 0.00765364
0.7728 0.0418364 0.00780205
0.7752 0.0145518 0.00720841
0.7776 0.0109138 0.00731442
0.78 0.0509312 0.00746283
0.7824 0.0363795 0.00843808
0.7848 0.0272846 0.00752643
0.7872 0.0309225 0.00773844
0.7896 0.0381984 0.00790805
0.792 0.0345605 0.00828968
0.7944 0.0272846 0.00790805
0.7968 0.0236466 0.00856529
0.7992 0.0291036 0.00826847
0.8016 0.0163708 0.00824727
0.804 0.0236466 0.00767484
0.8064 0.0291036 0.00833208
0.8088 0.0218277 0.00763244
0.8112 0.0200087 0.00733562
0.8136 0.0345605 0.00818367
0.816 0.0309225 0.00769604
0.8184 0.0163708 0.0086713
0.8208 0.0236466 0.00848049
0.8232 0.0218277 0.00795046
0.8256 0.0145518 0.0087985
0.828 0.0181897 0.0087773
0.8304 0.0236466 0.00894691
0.8328 0.0200087 0.00939214
0.8352 0.0218277 0.00892571
0.8376 0.0145518 0.00818367
0.84 0.0163708 0.00949815
0.8424 0.0272846 0.00822607
0.8448 0.0181897 0.00894691
0.8472 0.0163708 0.00792926
0.8496 0.00909486 0.0087137
0.852 0.0109138 0.0087561
0.8544 0.0163708 0.00837448
0.8568 0.0109138 0.00841688
0.8592 0.00727589 0.00901052
0.8616 0.0127328 0.00843808
0.864 0.0109138 0.0087985
0.8664 0.00727589 0.00913772
0.8688 0.0181897 0.00924373
0.8712 0.00363795 0.00845929
0.8736 0.0145518 0.0086501
0.876 0.0145518 0.00905292
0.8784 0.00909486 0.00901052
0.8808 0.0163708 0.00928613
0.8832 0.00727589 0.00928613
0.8856 0.00545692 0.00930733
0.888 0.00545692 0.00860769
0.8904 0.0127328 0.00934974
0.8928 0.00909486 0.00898932
0.8952 0.00545692 0.00858649
0.8976 0.00181897 0.00920133
0.9 0.00545692 0.00956175
0.9024 0.00545692 0.00934974
0.9048 0.00727589 0.0101342
0.9072 0.00363795 0.00922253
0.9096 0.00181897 0.00913772
0.912 0.00909486 0.00937094
0.9144 0.00363795 0.00920133
0.9168 0.00363795 0.00958295
0.9192 0.0145518 0.00992217
0.9216 0.00727589 0.00977376
0.924 0.00363795 0.00920133
0.9264 0.0109138 0.00954055
0.9288 0.00181897 0.00930733
0.9312 0.00363795 0.00979496
0.9336 0.00545692 0.0103038
0.936 0.00363795 0.00939214
0.9384 0.00363795 0.0103674
0.9408 0.00363795 0.00954055
0.9432 0.00363795 0.00968896
0.9456 0.00727589 0.0109398
0.948 0.00727589 0.00951935
0.9504 0.00181897 0.0101978
0.9528 0.00181897 0.0103674
0.9552 0.00909486 0.0105158
0.9576 0.00181897 0.00975256
0.96 0.00363795 0.0103674
0.9624 0.00545692 0.00992217
0.9648 0.00181897 0.00977376
0.9672 0.00545692 0.0102402
0.9696 0.0127328 0.0101978
0.972 0.00545692 0.010855
0.9744 0.00545692 0.0100918
0.9768 0 0.0110246
0.9792 0.00545692 0.0108126
0.9816 0.00545692 0.0110458
0.984 0.00181897 0.0109186
0.9864 0.0109138 0.0107278
0.9888 0.00181897 0.0113851
0.9912 0.00909486 0.0112578
0.9936 0.0163708 0.0116819
0.996 0.00181897 0.0107702
0.9984 0.00727589 0.0102614
1.0008 0.00545692 0.011173
1.0032 0.00363795 0.0114911
1.0056 0.00727589 0.0115123
1.008 0.00181897 0.0118515
1.0104 0.0109138 0.0105582
1.0128 0.00727589 0.0110458
1.0152 0.00363795 0.0113639
1.0176 0.00545692 0.0113851
1.02 0.00545692 0.0113002
1.0224 0.00909486 0.0113639
1.0248 0.0109138 0.0115547
1.0272 0.00909486 0.0114699
1.0296 0.0127328 0.0117455
1.032 0.0127328 0.0124451
1.0344 0.00727589 0.0115123
1.0368 0.0127328 0.0115123
1.0392 0.0127328 0.0128903
1.0416 0.0145518 0.0117879
1.044 0.00363795 0.0114275
1.0464 0.00545692 0.0127843
1.0488 0.0109138 0.0118727
1.0512 0.0109138 0.0120211
1.0536 0.00363795 0.0116183
1.056 0.00909486 0.0118091
1.0584 0.0145518 0.0121271
1.0608 0.0163708 0.0119363
1.0632 0.0109138 0.0129115
1.0656 0.0109138 0.013272
1.068 0.00727589 0.0130387
1.0704 0.0163708 0.0127207
1.0728 0.00363795 0.0127419
1.0752 0.0163708 0.0133568
1.0776 0.00909486 0.0126571
1.08 0.0109138 0.0137384
1.0824 0.00545692 0.0133144
1.0848 0.00727589 0.0126783
1.0872 0.00909486 0.0135052
1.0896 0.0163708 0.0133144
1.092 0.0109138 0.0137172
1.0944 0.00545692 0.0125511
1.0968 0.0109138 0.0130812
1.0992 0.0109138 0.013696
1.1016 0.0145518 0.0132932
1.104 0.00909486 0.014014
1.1064 0.0163708 0.0144592
1.1088 0.0109138 0.0137172
1.1112 0.0145518 0.0135264
1.1136 0.00545692 0.0133356
1.116 0.0109138 0.013484
1.1184 0.00727589 0.0134628
1.1208 0.00545692 0.0131448
1.1232 0.0145518 0.0126359
1.1256 0.0109138 0.0143744
1.128 0.00727589 0.0140776
1.1304 0.0109138 0.013802
1.1328 0.00909486 0.01412
1.1352 0.00909486 0.0148409
1.1376 0.0127328 0.0144804
1.14 0.00181897 0.0133568
1.1424 0.00909486 0.0141412
1.1448 0.00363795 0.0143956
1.1472 0.00727589 0.0140564
1.1496 0.00727589 0.014756
1.152 0.00545692 0.013484
1.1544 0.00909486 0.0140564
1.1568 0 0.0147348
1.1592 0 0.0145016
1.1616 0.00363795 0.0133992
1.164 0.00181897 0.014332
1.1664 0.00181897 0.014756
1.1688 0.00363795 0.0143956
1.1712 0.00363795 0.0153497
1.1736 0.00363795 0.0150529
1.176 0.00909486 0.0152861
1.1784 0.00545692 0.0140776
1.1808 0.00181897 0.0152013
1.1832 0.00545692 0.01465
1.1856 0 0.0142684
1.188 0.00363795 0.0149469
1.1904 0.00363795 0.0150529
1.1928 0.00363795 0.0148409
1.1952 0.00181897 0.0145016
1.1976 0 0.0147136
1.2 0.00363795 0.0154981
1.2024 0.00181897 0.0146288
1.2048 0.00545692 0.0162189
1.2072 0 0.0148621
1.2096 0.00181897 0.0151377
1.212 0 0.0157313
1.2144 0 0.0152649
1.2168 0.00181897 0.0165582
1.2192 0 0.0151589
1.2216 0 0.014332
1.224 0 0.0164945
1.2264 0 0.0165582
1.2288 0 0.0156253
1.2312 0 0.0154981
1.2336 0 0.0160705
1.236 0.00181897 0.0162189
1.2384 0.00181897 0.0158373
1.2408 0 0.0146712
1.2432 0 0.0154345
1.2456 0.00181897 0.0148621
1.248 0 0.0152649
1.2504 0.00181897 0.0159009
1.2528 0 0.0146288
1.2552 0 0.0161129
1.2576 0.00181897 0.0173002
1.26 0 0.0162613
1.2624 0 0.0155405
1.2648 0 0.0168762
1.2672 0 0.0161553
1.2696 0 0.0170458
1.272 0.00181897 0.0157949
1.2744 0.00181897 0.0162401
1.2768 0.00181897 0.016855
1.2792 0.00181897 0.0164309
1.2816 0 0.017067
1.284 0 0.0177242
1.2864 0 0.0174274
1.2888 0.00181897 0.0185723
1.2912 0.00181897 0.0178514
1.2936 0 0.0181058
1.296 0.00181897 0.0179786
1.2984 0.00181897 0.0174698
1.3008 0.00181897 0.0181906
1.3032 0.00181897 0.0167278
1.3056 0.00181897 0.0179362
1.308 0.00363795 0.0185511
1.3104 0.00181897 0.0172578
1.3128 0.00363795 0.0184027
1.3152 0.00181897 0.0179362
1.3176 0.00181897 0.0183815
1.32 0 0.0175758
1.3224 0.00363795 0.0177454
1.3248 0.00363795 0.0181694
1.3272 0.00181897 0.0179786
1.3296 0.00181897 0.0182542
1.332 0.00545692 0.0184451
1.3344 0.00545692 0.0180846
1.3368 0.00363795 0.018021
1.3392 0.0163708 0.0193143
1.3416 0.00181897 0.0197595
1.344 0.00909486 0.0205228
1.3464 0.00545692 0.0177666
1.3488 0.00363795 0.0187631
1.3512 0.0109138 0.0188479
1.3536 0.00909486 0.0188055
1.356 0.00545692 0.0194203
1.3584 0.00545692 0.0190811
1.3608 0 0.0201412
1.3632 0.00363795 0.0195263
1.3656 0.0145518 0.0197171
1.368 0.00545692 0.0201412
1.3704 0.00727589 0.02012
1.3728 0.00727589 0.0192083
1.3752 0.00545692 0.0192719
1.3776 0.00363795 0.0186995
1.38 0.00363795 0.0196111
1.3824 0.00545692 0.0188055
1.3848 0.00727589 0.0188267
1.3872 0.00727589 0.0198867
1.3896 0.00363795 0.0203956
1.392 0.00727589 0.0202048
1.3944 0.00181897 0.0208832
1.3968 0 0.0206076
1.3992 0.00181897 0.0199715
1.4016 0.00545692 0.0194203
1.404 0.00545692 0.0210316
1.4064 0.0109138 0.0196747
1.4088 0.00909486 0.0205652
1.4112 0.0109138 0.0197171
1.4136 0.00909486 0.0192719
1.416 0.00545692 0.0198867
1.4184 0.00727589 0.0215828
1.4208 0 0.021392
1.4232 0.00181897 0.021286
1.4256 0.00181897 0.0194415
1.428 0.00545692 0.0218373
1.4304 0.00363795 0.0200988
1.4328 0.00363795 0.0207348
1.4352 0 0.0214132
1.4376 0.00181897 0.0202896
1.44 0.00181897 0.0203532
1.4424 0.00363795 0.0217524
1.4448 0.00181897 0.0213496
1.4472 0.00181897 0.0211376
1.4496 0.00545692 0.0209044
1.452 0.00181897 0.021074
1.4544 0.00181897 0.0214344
1.4568 0.00363795 0.0215192
1.4592 0.00727589 0.0212012
1.4616 0.00181897 0.0219645
1.464 0.00363795 0.0217524
1.4664 0 0.0206924
1.4688 0.00181897 0.0212648
1.4712 0 0.0209044
1.4736 0.00181897 0.0221129
1.476 0 0.0220493
1.4784 0.00181897 0.0226005
1.4808 0 0.0218373
1.4832 0 0.0219221
1.4856 0.00181897 0.0218161
1.488 0 0.0222189
1.4904 0 0.0220281
1.4928 0.00181897 0.0230245
1.4952 0 0.0219857
1.4976 0 0.0225581
1.5 0 0.0233213
1.5024 0 0.0227913
1.5048 0 0.0219009
1.5072 0 0.0226641
1.5096 0 0.0231093
1.512 0 0.0219645
1.5144 0 0.0211164
1.5168 0 0.0225369
1.5192 0 0.0229185
1.5216 0 0.023809
1.524 0 0.0232789
1.5264 0 0.0226853
1.5288 0 0.0225369
1.5312 0 0.0226853
1.5336 0 0.024657
1.536 0 0.0240846
1.5384 0 0.0229821
1.5408 0 0.0233849
1.5432 0 0.0241482
1.5456 0 0.0241694
1.548 0 0.024021
1.5504 0 0.0243602
1.5528 0 0.0233425
1.5552 0 0.0235121
1.5576 0 0.0232577
1.56 0 0.0234061
1.5624 0 0.0229397
1.5648 0 0.0231093
1.5672 0 0.0249538
1.5696 0 0.0239362
1.572 0 0.0245086
1.5744 0 0.0230033
1.5768 0 0.0249962
1.5792 0 0.024127
1.5816 0 0.0234485
1.584 0 0.0250174
1.5864 0 0.024763
1.5888 0 0.0253991
1.5912 0 0.0236182
1.5936 0 0.0241694
1.596 0 0.0256959
1.5984 0 0.0253779
1.6008 0 0.0263955
1.6032 0 0.0258231
1.6056 0 0.0257595
1.608 0 0.0245934
1.6104 0 0.0248054
1.6128 0 0.0258231
1.6152 0 0.0245086
1.6176 0 0.024975
1.62 0 0.0257807
1.6224 0 0.0268619
1.6248 0 0.0250174
1.6272 0 0.0246358
1.6296 0.00181897 0.0254415
1.632 0 0.0270104
1.6344 0.00363795 0.0259291
1.6368 0 0.0268407
1.6392 0 0.0259079
1.6416 0 0.0271376
1.644 0 0.0265439
1.6464 0 0.0260775
1.6488 0 0.0272012
1.6512 0 0.0270316
1.6536 0.00181897 0.0271588
1.656 0.00181897 0.0266075
1.6584 0.00363795 0.0264803
1.6608 0 0.0273708
1.6632 0.00181897 0.0275616
1.6656 0 0.0259715
1.668 0.00727589 0.0266923
1.6704 0 0.028028
1.6728 0.00181897 0.0281128
1.6752 0.00181897 0.0279856
1.6776 0 0.0256323
1.68 0.00181897 0.0279008
1.6824 0.00363795 0.0276888
1.6848 0.00363795 0.02771
1.6872 0.00181897 0.0277948
1.6896 0.00363795 0.0274344
1.692 0.00363795 0.0281976
1.6944 0.00363795 0.0276888
1.6968 0.00181897 0.0281764
1.6992 0.00727589 0.0277736
1.7016 0.00545692 0.0282188
1.704 0.00181897 0.0279856
1.7064 0.00545692 0.0283884
1.7088 0.00363795 0.0273708
1.7112 0.00363795 0.0271588
1.7136 0.00363795 0.0278796
1.716 0.00727589 0.0287064
1.7184 0 0.0285792
1.7208 0 0.0276888
1.7232 0.00363795 0.0279432
1.7256 0.00545692 0.0286216
1.728 0.00181897 0.0282612
1.7304 0.00545692 0.0279008
1.7328 0.00545692 0.0288761
1.7352 0 0.0292153
1.7376 0.00181897 0.0296181
1.74 0.00363795 0.0290457
1.7424 0 0.0303601
1.7448 0 0.0287489
1.7472 0.00181897 0.0293849
1.7496 0.00181897 0.0292365
1.752 0 0.0304237
1.7544 0.00181897 0.027392
1.7568 0.00181897 0.0300209
1.7592 0 0.0305086
1.7616 0 0.0297665
1.764 0 0.0309538
1.7664 0 0.0316534
1.7688 0 0.0307418
1.7712 0 0.0291305
1.7736 0.00363795 0.0286004
1.776 0 0.0298301
1.7784 0.00181897 0.0307206
1.7808 0 0.0287913
1.7832 0 0.0290669
1.7856 0.00181897 0.0298937
1.788 0 0.0300633
1.7904 0 0.030975
1.7928 0 0.0301269
1.7952 0 0.0298725
1.7976 0 0.0295333
1.8 0 0.0303601
1.8024 0 0.0299785
1.8048 0 0.0311658
1.8072 0 0.0320138
1.8096 0 0.0295333
1.812 0 0.0299149
1.8144 0 0.0317806
1.8168 0 0.030657
1.8192 0 0.0314202
1.8216 0 0.0294485
1.824 0 0.0314626
1.8264 0 0.0324803
1.8288 0 0.0315474
1.8312 0 0.0313354
1.8336 0 0.0306146
1.836 0 0.0315474
1.8384 0 0.0323531
1.8408 0 0.0309538
1.8432 0 0.0319926
1.8456 0 0.0326499
1.848 0 0.0312506
1.8504 0 0.0326287
1.8528 0 0.0313142
1.8552 0 0.0324803
1.8576 0 0.0337099
1.86 0 0.0323531
1.8624 0 0.0318866
1.8648 0 0.032035
1.8672 0 0.030975
1.8696 0 0.0319078
1.872 0 0.0328407
1.8744 0 0.0336463
1.8768 0 0.0334979
1.8792 0 0.0346852
1.8816 0 0.031187
1.884 0 0.0338159
1.8864 0 0.0318442
1.8888 0 0.0324167
1.8912 0 0.032035
1.8936 0 0.0339431
1.896 0 0.0328619
1.8984 0 0.0326923
1.9008 0 0.0333071
1.9032 0 0.0343672
1.9056 0 0.0330951
1.908 0 0.0333919
1.9104 0 0.0347912
1.9128 0 0.0350668
1.9152 0 0.0334343
1.9176 0 0.034876
1.92 0 0.034346
1.9224 0 0.0346852
1.9248 0 0.034452
1.9272 0 0.0334979
1.9296 0 0.0337311
1.932 0 0.0348548
1.9344 0 0.0341552
1.9368 0 0.0344732
1.9392 0 0.0360633
1.9416 0 0.0344732
1.944 0 0.0344308
1.9464 0.00181897 0.0345368
1.9488 0 0.0351516
1.9512 0 0.0341976
1.9536 0 0.0357665
1.956 0 0.0363389
1.9584 0 0.0348124
1.9608 0.00181897 0.0339643
1.9632 0 0.034982
1.9656 0.00181897 0.0364025
1.968 0.00181897 0.034558
1.9704 0 0.0354272
1.9728 0.00181897 0.0353636
1.9752 0 0.0359573
1.9776 0.00181897 0.0370597
1.98 0.00181897 0.035406
1.9824 0 0.0350244
1.9848 0.00181897 0.0365509
1.9872 0 0.0368689
1.9896 0 0.0364449
1.992 0.00181897 0.0376322
1.9944 0.00545692 0.0367417
1.9968 0.00363795 0.0354272
1.9992 0.00181897 0.0372081
2.0016 0.00363795 0.0365297
2.004 0.00181897 0.0378866
2.0064 0.00181897 0.0368053
2.0088 0 0.0365509
2.0112 0 0.0361057
2.0136 0.00181897 0.0376958
2.016 0.00181897 0.0376534
2.0184 0 0.0384378
2.0208 0.00181897 0.0374201
2.0232 0.00181897 0.0382258
2.0256 0.00181897 0.0372929
2.028 0.00181897 0.0373989
2.0304 0.00181897 0.0385862
2.0328 0.00181897 0.0371869
2.0352 0.00181897 0.0382894
2.0376 0.00181897 0.0376958
2.04 0.00181897 0.0379502
2.0424 0 0.037823
2.0448 0 0.0379502
2.0472 0.00181897 0.0369749
2.0496 0.00181897 0.0356604
2.052 0 0.0385014
2.0544 0.00181897 0.0389042
2.0568 0.00545692 0.0386922
2.0592 0 0.0389042
2.0616 0 0.0377382
2.064 0 0.0386922
2.0664 0 0.0381198
2.0688 0 0.0378442
2.0712 0 0.038565
2.0736 0 0.0382894
2.076 0 0.0398795
2.0784 0.00181897 0.0396887
2.0808 0 0.0375686
2.0832 0 0.038459
2.0856 0 0.0391162
2.088 0 0.0393071
2.0904 0 0.0405579
2.0928 0 0.0385862
2.0952 0 0.0387982
2.0976 0 0.0398583
2.1 0 0.0397947
2.1024 0 0.0399007
2.1048 0 0.0400703
2.1072 0 0.0414908
2.1096 0 0.0392435
2.112 0 0.0403247
2.1144 0 0.0395615
2.1168 0 0.0382894
2.1192 0 0.0404307
2.1216 0 0.0392435
2.124 0 0.0374838
2.1264 0 0.0411516
2.1288 0 0.041088
2.1312 0 0.0397099
2.1336 0 0.0402187
2.136 0 0.0411728
2.1384 0 0.0398795
2.1408 0 0.0416604
2.1432 0 0.0409608
2.1456 0 0.0406639
2.148 0 0.0400915
2.1504 0 0.0416816
2.1528 0 0.0406215
2.1552 0 0.0413636
2.1576 0 0.0407911
2.16 0 0.0398159
2.1624 0 0.0394767
2.1648 0 0.0414696
2.1672 0 0.0427841
2.1696 0 0.041618
2.172 0 0.040982
2.1744 0 0.0416392
2.1768 0 0.0409183
2.1792 0 0.0428901
2.1816 0 0.0428901
2.184 0 0.0420844
2.1864 0 0.0426993
2.1888 0 0.0396039
2.1912 0 0.0439289
2.1936 0 0.0431021
2.196 0 0.0420632
2.1984 0 0.0412364
2.2008 0 0.0415332
2.2032 0 0.0420208
2.2056 0 0.0425932
2.208 0 0.0447982
2.2104 0 0.042042
2.2128 0 0.0425932
2.2152 0 0.0435897
2.2176 0 0.0411728
2.22 0 0.0424872
2.2224 0 0.0424236
2.2248 0 0.0440773
2.2272 0 0.0457734
2.2296 0 0.044565
2.232 0 0.0434837
2.2344 0 0.0426356
2.2368 0 0.042678
2.2392 0 0.0433989
2.2416 0 0.045413
2.244 0 0.0430173
2.2464 0 0.0437805
2.2488 0 0.0441409
2.2512 0 0.0438653
2.2536 0 0.0430173
2.256 0 0.0442045
2.2584 0 0.0437593
2.2608 0 0.0459006
2.2632 0 0.0437381
2.2656 0.00363795 0.0419784
2.268 0 0.0436533
2.2704 0.00181897 0.0435049
2.2728 0.00181897 0.0444378
2.2752 0.00181897 0.0444165
2.2776 0 0.0447558
2.28 0.00181897 0.0453282
2.2824 0 0.045201
2.2848 0 0.0453918
2.2872 0 0.0470031
2.2896 0 0.044777
2.292 0.00181897 0.0437169
2.2944 0 0.0449466
2.2968 0.00181897 0.0456886
2.2992 0.00363795 0.0461975
2.3016 0 0.0462399
2.304 0.00181897 0.0453706
2.3064 0 0.0459854
2.3088 0 0.0463459
2.3112 0 0.0450526
2.3136 0.00363795 0.048042
2.316 0 0.0462187
2.3184 0 0.0464731
2.3208 0 0.0453918
2.3232 0.00181897 0.0472363
2.3256 0 0.0447982
2.328 0.00181897 0.0470243
2.3304 0 0.0480844
2.3328 0.00181897 0.0465579
2.3352 0 0.0477027
2.3376 0.00363795 0.0470243
2.34 0.00363795 0.0476391
2.3424 0 0.0459006
2.3448 0 0.0459854
2.3472 0.00181897 0.0475119
2.3496 0 0.0480632
2.352 0 0.0466851
2.3544 0 0.0489324
2.3568 0 0.0492292
2.3592 0.00181897 0.048254
2.3616 0.00181897 0.0473211
2.364 0 0.0483176
2.3664 0 0.0482116
2.3688 0.00181897 0.0492292
2.3712 0.00181897 0.0483388
2.3736 0.00181897 0.0474271
2.376 0 0.0486992
2.3784 0 0.0488688
2.3808 0 0.0476815
2.3832 0 0.0465579
2.3856 0 0.0480208
2.388 0.00181897 0.0485084
2.3904 0 0.0484024
2.3928 0 0.0484872
2.3952 0 0.0496532
2.3976 0 0.0497381
2.4 0 0.0481056
2.4024 0 0.0496108
2.4048 0 0.0499289
2.4072 0 0.0488052
2.4096 0 0.0488476
2.412 0 0.0498865
2.4144 0 0.0487416
2.4168 0 0.0503105
2.4192 0 0.0491232
2.4216 0 0.049208
2.424 0 0.04836
2.4264 0 0.0491656
2.4288 0 0.0499925
2.4312 0 0.0498653
2.4336 0 0.0496745
2.436 0 0.0507133
2.4384 0 0.0501621
2.4408 0 0.0509253
2.4432 0 0.0493988
2.4456 0 0.0515402
2.448 0 0.0512433
2.4504 0 0.0508829
2.4528 0 0.049526
2.4552 0 0.0501621
2.4576 0 0.051943
2.46 0 0.0513493
2.4624 0 0.0489324
2.4648 0 0.0495048
2.4672 0 0.0516886
2.4696 0 0.0520066
2.472 0 0.0508193
2.4744 0 0.0520702
2.4768 0 0.0502893
2.4792 0 0.0500349
2.4816 0 0.0505013
2.484 0 0.0522398
2.4864 0 0.0513281
2.4888 0 0.0494836
2.4912 0 0.052473
2.4936 0 0.052261
2.496 0 0.0508617
2.4984 0 0.0531302
2.5008 0 0.0509677
2.5032 0 0.0528122
2.5056 0 0.0532787
2.508 0 0.0539359
2.5104 0 0.0516674
2.5128 0 0.0522186
2.5152 0 0.0525366
2.5176 0 0.0504589
2.52 0 0.0522822
2.5224 0 0.0535543
2.5248 0 0.0531515
2.5272 0 0.0547415
2.5296 0 0.0528546
2.532 0 0.0528758
2.5344 0 0.0526002
2.5368 0 0.0528122
2.5392 0 0.0537239
2.5416 0 0.0540843
2.544 0 0.0521762
2.5464 0 0.0529606
2.5488 0 0.0538511
2.5512 0 0.0548051
2.5536 0 0.0542115
2.556 0 0.0535331
2.5584 0 0.0535755
2.5608 0 0.0535119
2.5632 0 0.0537239
2.5656 0 0.05489
2.568 0 0.0555472
2.5704 0 0.0546991
2.5728 0 0.0552504
2.5752 0.00181897 0.0548475
2.5776 0 0.0547627
2.58 0 0.0536603
2.5824 0 0.0552928
2.5848 0 0.0543599
2.5872 0 0.0569677
2.5896 0.00181897 0.0524094
2.592 0 0.0554624
2.5944 0.00181897 0.0552292
2.5968 0 0.0565436
2.5992 0.00181897 0.0576037
2.6016 0 0.0561832
2.604 0 0.0542539
2.6064 0 0.0552928
2.6088 0 0.0563104
2.6112 0.00363795 0.0552716
2.6136 0 0.0553776
2.616 0 0.0582821
2.6184 0.00181897 0.0566709
2.6208 0 0.0568829
2.6232 0.00181897 0.056162
2.6256 0 0.0569677
2.628 0 0.056268
2.6304 0 0.0574977
2.6328 0 0.058473
2.6352 0.00181897 0.0561408
2.6376 0 0.0575189
2.64 0.00363795 0.0580065
2.6424 0 0.0565012
2.6448 0 0.0559288
2.6472 0.00181897 0.056056
2.6496 0 0.0552928
2.652 0 0.0558864
2.6544 0.00363795 0.0565012
2.6568 0 0.0590666
2.6592 0 0.0574765
2.6616 0 0.0571373
2.664 0 0.0588122
2.6664 0.00181897 0.0577521
2.6688 0.00181897 0.0578793
2.6712 0.00181897 0.0579005
2.6736 0 0.0585366
2.676 0 0.0574129
2.6784 0.00545692 0.0577733
2.6808 0 0.0546143
2.6832 0 0.0582397
2.6856 0 0.0593846
2.688 0 0.0594482
2.6904 0.00181897 0.059003
2.6928 0 0.0597662
2.6952 0 0.060063
2.6976 0 0.0587062
2.7 0.00181897 0.059109
2.7024 0 0.0581337
2.7048 0 0.0605295
2.7072 0 0.059745
2.7096 0 0.0597238
2.712 0 0.0580701
2.7144 0 0.059639
2.7168 0 0.0590666
2.7192 0 0.0596602
2.7216 0 0.0569889
2.724 0 0.0590878
2.7264 0 0.0573493
2.7288 0 0.0596178
2.7312 0 0.0592786
2.7336 0 0.0601267
2.736 0 0.0594058
2.7384 0 0.0581973
2.7408 0 0.0599994
2.7432 0 0.0603811
2.7456 0 0.0589606
2.748 0 0.0602539
2.7504 0 0.0620136
2.7528 0 0.0589394
2.7552 0 0.0592998
2.7576 0 0.0584518
2.76 0 0.059957
2.7624 0 0.0603175
2.7648 0 0.059321
2.7672 0 0.062798
2.7696 0 0.0612927
2.772 0 0.0615259
2.7744 0 0.0611867
2.7768 0 0.0614835
2.7792 0 0.0615259
2.7816 0 0.0601691
2.784 0 0.0597874
2.7864 0 0.0608899
2.7888 0 0.0625436
2.7912 0 0.0643457
2.7936 0 0.0641761
2.796 0 0.0600842
2.7984 0 0.0615683
2.8008 0 0.0615471
2.8032 0 0.0604871
2.8056 0 0.0623528
2.808 0 0.0615047
2.8104 0 0.062268
2.8128 0 0.0620984
2.8152 0 0.0638793
2.8176 0 0.0633492
2.82 0 0.063222
2.8224 0 0.0621408
2.8248 0 0.0641337
2.8272 0 0.0640701
2.8296 0 0.0633492
2.832 0 0.0627132
2.8344 0 0.0650877
2.8368 0 0.0647061
2.8392 0 0.0629464
2.8416 0 0.0613987
2.844 0 0.0631584
2.8464 0 0.062798
2.8488 0 0.0637733
2.8512 0 0.0630312
2.8536 0 0.0638157
2.856 0 0.0636037
2.8584 0 0.0641337
2.8608 0 0.0646001
2.8632 0 0.0625224
2.8656 0 0.0630312
2.868 0 0.0645365
2.8704 0 0.0641125
2.8728 0 0.0663598
2.8752 0 0.0642609
2.8776 0 0.0647909
2.88 0 0.0645365
2.8824 0 0.0658722
2.8848 0 0.0641549
2.8872 0 0.0647485
2.8896 0.00181897 0.0662114
2.892 0 0.0658086
2.8944 0 0.0642185
2.8968 0 0.0647273
2.8992 0 0.066063
2.9016 0 0.0659146
2.904 0 0.0648757
2.9064 0.00181897 0.0662538
2.9088 0 0.0659994
2.9112 0 0.0662326
2.9136 0 0.0642821
2.916 0 0.0659782
2.9184 0 0.0641761
2.9208 0 0.0644093
2.9232 0.00363795 0.0662114
2.9256 0 0.0666142
2.928 0 0.0649605
2.9304 0.00181897 0.065851
2.9328 0 0.0659146
2.9352 0 0.0663386
2.9376 0.00181897 0.0673775
2.94 0.00181897 0.0662326
2.9424 0 0.0666566
2.9448 0 0.0665294
2.9472 0.00181897 0.066487
2.9496 0 0.0656814
2.952 0 0.0672715
2.9544 0 0.0676319
2.9568 0 0.066911
2.9592 0.00181897 0.069646
2.9616 0 0.066169
2.964 0 0.0674411
2.9664 0 0.0667414
2.9688 0 0.0669746
2.9712 0 0.0651725
2.9736 0.00181897 0.0678227
2.976 0 0.0657026
2.9784 0 0.0675895
2.9808 0 0.0675895
2.9832 0.00181897 0.066805
2.9856 0 0.0662538
2.988 0 0.0669958
2.9904 0 0.0688828
2.9928 0 0.0696036
2.9952 0 0.0673987
2.9976 0 0.0687131
3 0 0.0679499
3.0024 0 0.0679711
3.0048 0 0.0688404
3.0072 0 0.0679923
3.0096 0 0.0695612
3.012 0 0.0677803
3.0144 0 0.0679287
3.0168 0 0.0700912
3.0192 0 0.0673139
3.0216 0 0.0698368
3.024 0 0.069116
3.0264 0 0.0701124
3.0288 0 0.0694552
3.0312 0 0.0686495
3.0336 0 0.06901
3.036 0 0.070282
3.0384 0 0.0689676
3.0408 0 0.0686071
3.0432 0 0.0711937
3.0456 0 0.0680983
3.048 0 0.0686707
3.0504 0 0.0694976
3.0528 0 0.0710241
3.0552 0 0.0712361
3.0576 0 0.0714269
3.06 0 0.0701972
3.0624 0 0.0711513
3.0648 0 0.0687555
3.0672 0 0.0692008
3.0696 0 0.0714057
3.072 0 0.0714269
3.0744 0 0.0710877
3.0768 0 0.0716177
3.0792 0 0.0726566
3.0816 0 0.0730382
3.084 0 0.0718085
3.0864 0 0.0716389
3.0888 0 0.0710241
3.0912 0 0.0712573
3.0936 0 0.0699428
3.096 0 0.0723598
3.0984 0 0.0739498
3.1008 0 0.069222
3.1032 0 0.0697096
3.1056 0 0.0714905
3.108 0 0.0719145
3.1104 0 0.0710029
3.1128 0 0.0713209
3.1152 0 0.0687767
3.1176 0 0.0723174
3.12 0 0.0743951
3.1224 0 0.0726778
3.1248 0 0.0733986
3.1272 0 0.0719569
3.1296 0 0.0741407
3.132 0 0.0723174
3.1344 0 0.0737378
3.1368 0 0.0730382
3.1392 0 0.0728262
3.1416 0 0.0740771
3.144 0 0.073759
3.1464 0 0.0710453
3.1488 0 0.0726778
3.1512 0 0.0726778
3.1536 0 0.0741195
3.156 0 0.0751583
3.1584 0 0.0748191
3.1608 0 0.0744375
3.1632 0 0.0764304
3.1656 0 0.0735682
3.168 0 0.0758156
3.1704 0 0.0743527
3.1728 0 0.072593
3.1752 0 0.0730382
3.1776 0 0.0745435
3.18 0 0.0758368
3.1824 0 0.075858
3.1848 0 0.0754339
3.1872 0 0.0737802
3.1896 0 0.0752007
3.192 0 0.0747555
3.1944 0 0.0732078
3.1968 0 0.0747555
3.1992 0.00181897 0.0750523
3.2016 0 0.0749887
3.204 0 0.0741831
3.2064 0 0.0750947
3.2088 0 0.076706
3.2112 0 0.0733986
3.2136 0 0.076282
3.216 0 0.0757307
3.2184 0 0.076282
3.2208 0 0.0739286
3.2232 0 0.0755399
3.2256 0 0.076706
3.228 0.00181897 0.0786565
3.2304 0 0.0763032
3.2328 0.00181897 0.0767908
3.2352 0 0.0749675
3.2376 0 0.0763244
3.24 0 0.0768756
3.2424 0.00181897 0.0754339
3.2448 0 0.0760064
3.2472 0 0.0783385
3.2496 0 0.0771088
3.252 0 0.0772996
3.2544 0.00181897 0.076176
3.2568 0 0.077342
3.2592 0 0.0764092
3.2616 0.00181897 0.0788473
3.264 0 0.0759852
3.2664 0 0.0786989
3.2688 0.00181897 0.0780629
3.2712 0 0.0789321
3.2736 0 0.0779781
3.276 0.00181897 0.0778933
3.2784 0 0.0766636
3.2808 0 0.0781477
3.2832 0 0.0743103
3.2856 0.00363795 0.0789321
3.288 0.00181897 0.0783173
3.2904 0.00181897 0.0778509
3.2928 0.00181897 0.0788261
3.2952 0 0.0793774
3.2976 0 0.0759852
3.3 0 0.0785505
3.3024 0 0.0798862
3.3048 0 0.0784233
3.3072 0 0.0781053
3.3096 0 0.0790169
3.312 0 0.0780417
3.3144 0 0.0784021
3.3168 0 0.0762608
3.3192 0 0.079971
3.3216 0 0.0789957
3.324 0 0.0789321
3.3264 0 0.0805646
3.3288 0 0.079653
3.3312 0 0.0787837
3.3336 0 0.0798014
3.336 0 0.0798862
3.3384 0 0.0771936
3.3408 0 0.0818579
3.3432 0 0.0800346
3.3456 0 0.079971
3.348 0 0.0809462
3.3504 0 0.0804374
3.3528 0 0.080289
3.3552 0 0.0796318
3.3576 0 0.0783173
3.36 0 0.0810523
3.3624 0 0.0802254
3.3648 0 0.0791229
3.3672 0 0.0823031
3.3696 0 0.0790593
3.372 0 0.0811159
3.3744 0 0.0820063
3.3768 0 0.0809886
3.3792 0 0.0811583
3.3816 0 0.0788049
3.384 0 0.080607
3.3864 0 0.0819003
3.3888 0 0.0830876
3.3912 0 0.0825575
3.3936 0 0.0799286
3.396 0 0.0828968
3.3984 0 0.0804586
3.4008 0 0.0815399
3.4032 0 0.0820487
3.4056 0 0.0806282
3.408 0 0.0807342
3.4104 0 0.0806282
3.4128 0 0.0823879
3.4152 0 0.083448
3.4176 0 0.083342
3.42 0 0.0817731
3.4224 0 0.0819215
3.4248 0 0.0841264
3.4272 0 0.0812855
3.4296 0 0.0805222
3.432 0 0.0807554
3.4344 0 0.0834056
3.4368 0 0.0806706
3.4392 0 0.0823031
3.4416 0 0.0819851
3.444 0 0.0825363
3.4464 0 0.080607
3.4488 0 0.0822183
3.4512 0 0.0835328
3.4536 0 0.0827271
3.456 0 0.0836388
3.4584 0 0.0837872
3.4608 0 0.0829816
3.4632 0 0.0817731
3.4656 0 0.0842112
3.468 0 0.0851017
3.4704 0 0.0814551
3.4728 0 0.0855681
3.4752 0 0.0827059
3.4776 0 0.0834268
3.48 0 0.0835752
3.4824 0 0.0851441
3.4848 0 0.0818155
3.4872 0 0.0826847
3.4896 0 0.0841264
3.492 0 0.0864374
3.4944 0 0.0848473
3.4968 0 0.0866494
3.4992 0 0.0856529
3.5016 0.00181897 0.0830664
3.504 0 0.0841264
3.5064 0 0.0855469
3.5088 0 0.0851441
3.5112 0 0.0851017
3.5136 0 0.0861829
3.516 0.00181897 0.084296
3.5184 0 0.0856317
3.5208 0 0.0841052
3.5232 0 0.0860981
3.5256 0 0.0859497
3.528 0.00181897 0.0852713
3.5304 0 0.0827696
3.5328 0 0.0842112
3.5352 0 0.0846777
3.5376 0 0.0864798
3.54 0 0.0873702
3.5424 0 0.0887271
3.5448 0.00181897 0.0876458
3.5472 0 0.0876246
3.5496 0.00181897 0.0881971
3.552 0 0.0858649
3.5544 0.00181897 0.0876882
3.5568 0 0.0875186
3.5592 0 0.0878578
3.5616 0 0.0853985
3.564 0 0.0872006
3.5664 0 0.0866918
3.5688 0 0.086925
3.5712 0 0.0885151
3.5736 0 0.0878578
3.576 0 0.0841264
3.5784 0 0.0870946
3.5808 0.00181897 0.0859497
3.5832 0.00181897 0.0877094
3.5856 0 0.0873914
3.588 0 0.0882607
3.5904 0 0.0858225
3.5928 0 0.0874126
3.5952 0 0.086501
3.5976 0.00181897 0.0887907
3.6 0 0.087031
3.6024 0 0.0883667
3.6048 0 0.0895963
3.6072 0 0.0875186
3.6096 0 0.0883879
3.612 0 0.0867342
3.6144 0 0.087137
3.6168 0 0.0904444
3.6192 0 0.090296
3.6216 0 0.0902324
3.624 0 0.0876246
3.6264 0 0.0892783
3.6288 0 0.0865222
3.6312 0 0.0863314
3.6336 0 0.0899568
3.636 0 0.0891087
3.6384 0 0.0877306
3.6408 0 0.0907836
3.6432 0 0.0904444
3.6456 0 0.0893207
3.648 0 0.0897235
3.6504 0 0.0900204
3.6528 0 0.0909108
3.6552 0 0.0891935
3.6576 0 0.0923313
3.66 0 0.087349
3.6624 0 0.0901688
3.6648 0 0.0904656
3.6672 0 0.0881971
3.6696 0 0.0870734
3.672 0 0.0887483
3.6744 0 0.0883879
3.6768 0 0.0893843
3.6792 0 0.0936882
3.6816 0 0.0900628
3.684 0 0.0892995
3.6864 0 0.0898932
3.6888 0 0.0895751
3.6912 0 0.0918649
3.6936 0 0.0874762
3.696 0 0.0928189
3.6984 0 0.0894903
3.7008 0 0.087879
3.7032 0 0.0937306
3.7056 0 0.0896811
3.708 0 0.0917589
3.7104 0 0.0917377
3.7128 0 0.0932218
3.7152 0 0.0903172
3.7176 0 0.0907624
3.72 0 0.0917165
3.7224 0 0.0913984
3.7248 0 0.0928189
3.7272 0 0.0919709
3.7296 0 0.0899356
3.732 0 0.0926917
3.7344 0 0.0917165
3.7368 0 0.0900628
3.7392 0 0.0942818
3.7416 0 0.0940698
3.744 0 0.0947906
3.7464 0 0.0915257
3.7488 0 0.0940698
3.7512 0 0.0952359
3.7536 0 0.0923101
3.756 0 0.093561
3.7584 0 0.0939214
3.7608 0 0.0923101
3.7632 0 0.0933914
3.7656 0 0.0939638
3.768 0 0.0931793
3.7704 0 0.0931581
3.7728 0 0.0931369
3.7752 0 0.093561
3.7776 0 0.0933278
3.78 0 0.0945574
3.7824 0 0.0929249
3.7848 0 0.0946422
3.7872 0 0.0938154
3.7896 0 0.093985
3.792 0 0.0945362
3.7944 0 0.0955115
3.7968 0 0.0954479
3.7992 0 0.0966988
3.8016 0 0.0933278
3.804 0 0.090508
3.8064 0 0.0939214
3.8088 0 0.0955751
3.8112 0 0.0951723
3.8136 0 0.0945574
3.816 0 0.0947694
3.8184 0 0.0951511
3.8208 0 0.0927977
3.8232 0 0.0944514
3.8256 0.00181897 0.093349
3.828 0 0.0966351
3.8304 0 0.0955751
3.8328 0 0.0976952
3.8352 0 0.0920981
3.8376 0.00181897 0.0955963
3.84 0 0.0951087
3.8424 0 0.0931793
3.8448 0 0.0987765
3.8472 0 0.094939
3.8496 0 0.0978224
3.852 0.00181897 0.0974196
3.8544 0 0.0953207
3.8568 0.00181897 0.0959991
3.8592 0 0.0952147
3.8616 0 0.0968896
3.864 0 0.100218
3.8664 0 0.0969108
3.8688 0.00181897 0.0970804
3.8712 0 0.097038
3.8736 0 0.0982676
3.876 0 0.0966139
3.8784 0.00181897 0.0979708
3.8808 0 0.0976528
3.8832 0.00181897 0.0958507
3.8856 0 0.0961475
3.888 0 0.0970168
3.8904 0 0.0995821
3.8928 0 0.0953419
3.8952 0 0.097674
3.8976 0 0.0979496
3.9 0.00181897 0.0956811
3.9024 0.00181897 0.097992
3.9048 0 0.0989037
3.9072 0 0.0966563
3.9096 0 0.09725
3.912 0 0.0968472
3.9144 0.00181897 0.0958507
3.9168 0 0.0993277
3.9192 0 0.0959143
3.9216 0 0.0958931
3.924 0 0.0959355
3.9264 0 0.100473
3.9288 0 0.0962111
3.9312 0 0.0990097
3.9336 0 0.0986281
3.936 0 0.0994337
3.9384 0 0.0991793
3.9408 0 0.0961687
3.9432 0 0.100176
3.9456 0 0.101851
3.948 0 0.102402
3.9504 0 0.0994125
3.9528 0 0.100642
3.9552 0 0.0964867
3.9576 0 0.100303
3.96 0 0.0960627
3.9624 0 0.0989249
3.9648 0 0.0987765
3.9672 0 0.0975468
3.9696 0 0.0975256
3.972 0 0.100685
3.9744 0 0.0985009
3.9768 0 0.100685
3.9792 0 0.0999213
3.9816 0 0.0979284
3.984 0 0.0995821
3.9864 0 0.0990945
3.9888 0 0.0985221
3.9912 0 0.0994761
3.9936 0 0.0990521
3.996 0 0.0980768
3.9984 0 0.100176
4.0008 0 0.09831
4.0032 0 0.0997941
4.0056 0 0.100388
4.008 0 0.100621
4.0104 0 0.102381
4.0128 0 0.100875
4.0152 0 0.100324
4.0176 0 0.0987977
4.02 0 0.100981
4.0224 0 0.102635
4.0248 0 0.0994973
4.0272 0 0.100218
4.0296 0 0.100324
4.032 0 0.100049
4.0344 0 0.0995185
4.0368 0 0.101427
4.0392 0 0.100918
4.0416 0 0.100176
4.044 0 0.0988189
4.0464 0 0.0995397
4.0488 0 0.101596
4.0512 0 0.0996457
4.0536 0 0.101639
4.056 0 0.102932
4.0584 0 0.101829
4.0608 0 0.104183
4.0632 0 0.102953
4.0656 0 0.0999001
4.068 0 0.100536
4.0704 0 0.102699
4.0728 0 0.102317
4.0752 0 0.104501
4.0776 0 0.102932
4.08 0 0.102359
4.0824 0 0.100451
4.0848 0 0.101829
4.0872 0 0.101363
4.0896 0 0.104034
4.092 0 0.104225
4.0944 0 0.10166
4.0968 0 0.101087
4.0992 0 0.101215
4.1016 0 0.102529
4.104 0 0.0999849
4.1064 0 0.103398
4.1088 0 0.100833
4.1112 0 0.102614
4.1136 0 0.10342
4.116 0 0.102826
4.1184 0 0.104204
4.1208 0 0.100557
4.1232 0 0.101723
4.1256 0 0.103547
4.128 0 0.104946
4.1304 0 0.107384
4.1328 0.00181897 0.101787
4.1352 0 0.101151
4.1376 0 0.103398
4.14 0 0.105921
4.1424 0 0.104543
4.1448 0 0.10484
4.1472 0 0.104268
4.1496 0 0.104713
4.152 0 0.105412
4.1544 0 0.103165
4.1568 0 0.105603
4.1592 0 0.103716
4.1616 0 0.105222
4.164 0 0.106133
4.1664 0 0.104416
4.1688 0 0.106769
4.1712 0 0.102063
4.1736 0.00181897 0.10395
4.176 0 0.104692
4.1784 0 0.106324
4.1808 0.00181897 0.10484
4.1832 0 0.106854
4.1856 0 0.105476
4.188 0 0.106812
4.1904 0 0.106048
4.1928 0 0.105434
4.1952 0 0.10626
4.1976 0.00181897 0.106006
4.2 0 0.103208
4.2024 0 0.106685
4.2048 0 0.107427
4.2072 0.00363795 0.106473
4.2096 0 0.102529
4.212 0 0.105264
4.2144 0 0.103377
4.2168 0 0.106812
4.2192 0 0.108656
4.2216 0 0.106451
4.224 0 0.107914
4.2264 0.00181897 0.105285
4.2288 0.00181897 0.107469
4.2312 0 0.108614
4.2336 0 0.105773
4.236 0 0.104628
4.2384 0 0.107024
4.2408 0 0.107766
4.2432 0 0.104013
4.2456 0 0.106515
4.248 0 0.107321
4.2504 0 0.108359
4.2528 0 0.105985
4.2552 0 0.105582
4.2576 0 0.105116
4.26 0 0.107766
4.2624 0 0.104861
4.2648 0 0.104925
4.2672 0 0.107681
4.2696 0 0.107639
4.272 0 0.109907
4.2744 0 0.107045
4.2768 0 0.109186
4.2792 0 0.108508
4.2816 0 0.105518
4.284 0 0.111942
4.2864 0 0.108211
4.2888 0 0.107448
4.2912 0 0.108826
4.2936 0 0.106494
4.296 0 0.10749
4.2984 0 0.108826
4.3008 0 0.10713
4.3032 0 0.111094
4.3056 0 0.109695
4.308 0 0.107935
4.3104 0 0.10713
4.3128 0 0.108296
4.3152 0 0.108041
4.3176 0 0.107533
4.32 0 0.10978
4.3224 0 0.110034
4.3248 0 0.105349
4.3272 0 0.108889
4.3296 0 0.109059
4.332 0 0.110204
4.3344 0 0.106282
4.3368 0 0.111073
4.3392 0 0.107045
4.3416 0 0.108783
4.344 0 0.110056
4.3464 0 0.109144
4.3488 0 0.109462
4.3512 0 0.10573
4.3536 0 0.110331
4.356 0 0.11014
4.3584 0 0.10995
4.3608 0 0.11101
4.3632 0 0.109589
4.3656 0 0.111158
4.368 0 0.111285
4.3704 0 0.110331
4.3728 0 0.110988
4.3752 0 0.110713
4.3776 0 0.110056
4.38 0 0.110967
4.3824 0 0.111094
4.3848 0 0.1112
4.3872 0 0.111879
4.3896 0 0.10872
4.392 0 0.110183
4.3944 0 0.108487
4.3968 0 0.113469
4.3992 0 0.109525
4.4016 0 0.111094
4.404 0 0.112324
4.4064 0 0.112112
4.4088 0 0.111561
4.4112 0 0.107702
4.4136 0 0.112345
4.416 0 0.113872
4.4184 0 0.111052
4.4208 0 0.112642
4.4232 0 0.110628
4.4256 0 0.10995
4.428 0 0.113427
4.4304 0 0.113236
4.4328 0 0.11101
4.4352 0 0.112366
4.4376 0 0.11296
4.44 0.00181897 0.112918
4.4424 0 0.111285
4.4448 0 0.112642
4.4472 0 0.112218
4.4496 0 0.112451
4.452 0 0.111985
4.4544 0 0.111603
4.4568 0 0.113427
4.4592 0 0.111624
4.4616 0 0.111646
4.464 0 0.111412
4.4664 0 0.113151
4.4688 0 0.112663
4.4712 0.00181897 0.112218
4.4736 0 0.111222
4.476 0.00181897 0.115907
4.4784 0 0.112409
4.4808 0 0.110798
4.4832 0 0.111985
4.4856 0 0.114805
4.488 0 0.113151
4.4904 0.00181897 0.1112
4.4928 0 0.114847
4.4952 0.00181897 0.110352
4.4976 0 0.116034
4.5 0.00181897 0.114868
4.5024 0 0.112176
4.5048 0.00181897 0.115207
4.5072 0 0.116204
4.5096 0 0.114826
4.512 0 0.113914
4.5144 0 0.112875
4.5168 0 0.114868
4.5192 0 0.114232
4.5216 0 0.114635
4.524 0 0.11667
4.5264 0 0.114656
4.5288 0 0.114084
4.5312 0 0.115525
4.5336 0 0.113681
4.536 0 0.114487
4.5384 0 0.115568
4.5408 0 0.115547
4.5432 0.00181897 0.115547
4.5456 0 0.111328
4.548 0 0.116352
4.5504 0 0.115441
4.5528 0 0.116352
4.5552 0.00181897 0.11472
4.5576 0 0.116013
4.56 0.00181897 0.115144
4.5624 0 0.113957
4.5648 0 0.117667
4.5672 0 0.115695
4.5696 0 0.114063
4.572 0 0.115525
4.5744 0 0.118027
4.5768 0 0.119236
4.5792 0 0.11561
4.5816 0 0.117116
4.584 0 0.114614
4.5864 0 0.115907
4.5888 0 0.114529
4.5912 0 0.116395
4.5936 0 0.114423
4.596 0 0.116183
4.5984 0 0.117116
4.6008 0 0.115737
4.6032 0 0.117179
4.6056 0 0.112176
4.608 0 0.115525
4.6104 0 0.112366
4.6128 0 0.115674
4.6152 0 0.113702
4.6176 0 0.116119
4.62 0 0.1179
4.6224 0 0.114402
4.6248 0 0.115038
4.6272 0 0.116734
4.6296 0 0.117137
4.632 0 0.119257
4.6344 0 0.116564
4.6368 0 0.115801
4.6392 0 0.118896
4.6416 0 0.1172
4.644 0 0.118239
4.6464 0 0.115462
4.6488 0 0.116713
4.6512 0 0.118981
4.6536 0 0.116988
4.656 0 0.119744
4.6584 0 0.119532
4.6608 0 0.116479
4.6632 0 0.120805
4.6656 0 0.119935
4.668 0 0.11701
4.6704 0 0.114868
4.6728 0 0.119575
4.6752 0 0.117285
4.6776 0 0.119766
4.68 0 0.120338
4.6824 0 0.116628
4.6848 0 0.116904
4.6872 0 0.116691
4.6896 0 0.118896
4.692 0 0.119554
4.6944 0 0.115059
4.6968 0 0.121907
4.6992 0 0.118939
4.7016 0 0.118621
4.704 0 0.121038
4.7064 0 0.117264
4.7088 0 0.120126
4.7112 0 0.118578
4.7136 0 0.119638
4.716 0 0.116585
4.7184 0 0.120465
4.7208 0 0.116055
4.7232 0 0.11985
4.7256 0 0.117158
4.728 0 0.119829
4.7304 0 0.119744
4.7328 0 0.118663
4.7352 0 0.118494
4.7376 0 0.1186
4.74 0 0.119978
4.7424 0 0.119045
4.7448 0 0.118706
4.7472 0.00181897 0.121101
4.7496 0 0.121865
4.752 0 0.121123
4.7544 0 0.122861
4.7568 0.00181897 0.120677
4.7592 0 0.118896
4.7616 0 0.117434
4.764 0 0.121631
4.7664 0 0.121356
4.7688 0 0.11932
4.7712 0 0.120381
4.7736 0 0.118939
4.776 0 0.122373
4.7784 0 0.120699
4.7808 0 0.121186
4.7832 0 0.119575
4.7856 0 0.121462
4.788 0 0.12019
4.7904 0 0.12125
4.7928 0 0.121631
4.7952 0 0.121674
4.7976 0 0.120953
4.8 0 0.119617
4.8024 0 0.119638
4.8048 0 0.121886
4.8072 0.00181897 0.125214
4.8096 0 0.119151
4.812 0 0.122183
4.8144 0 0.122946
4.8168 0 0.119638
4.8192 0 0.12231
4.8216 0 0.122607
4.824 0 0.119469
4.8264 0 0.12214
4.8288 0 0.119617
4.8312 0 0.120487
4.8336 0 0.123561
4.836 0 0.122564
4.8384 0 0.120338
4.8408 0 0.121059
4.8432 0 0.12532
4.8456 0 0.124706
4.848 0 0.121059
4.8504 0 0.120911
4.8528 0 0.122161
4.8552 0 0.122437
4.8576 0 0.12267
4.86 0 0.120677
4.8624 0 0.122119
4.8648 0 0.123688
4.8672 0 0.125914
4.8696 0 0.121992
4.872 0 0.125511
4.8744 0 0.122098
4.8768 0 0.123879
4.8792 0 0.123412
4.8816 0 0.123455
4.884 0 0.123688
4.8864 0 0.12496
4.8888 0 0.123327
4.8912 0 0.121971
4.8936 0 0.121631
4.896 0 0.12178
4.8984 0 0.122034
4.9008 0 0.12479
4.9032 0 0.121801
4.9056 0 0.124642
4.908 0 0.122522
4.9104 0 0.124621
4.9128 0 0.120783
4.9152 0 0.123306
4.9176 0 0.125469
4.92 0 0.125087
4.9224 0 0.123137
4.9248 0 0.124769
4.9272 0 0.125108
4.9296 0 0.123794
4.932 0 0.12108
4.9344 0 0.125257
4.9368 0 0.125596
4.9392 0 0.122776
4.9416 0 0.124366
4.944 0 0.123921
4.9464 0 0.124324
4.9488 0 0.126232
4.9512 0 0.121737
4.9536 0 0.126614
4.956 0 0.123794
4.9584 0 0.122564
4.9608 0 0.122861
4.9632 0 0.12761
4.9656 0 0.12761
4.968 0 0.125024
4.9704 0 0.124218
4.9728 0 0.121949
4.9752 0 0.126253
4.9776 0 0.121907
4.98 0 0.126741
4.9824 0 0.126274
4.9848 0 0.126868
4.9872 0 0.124748
4.9896 0 0.125257
4.992 0 0.126698
4.9944 0 0.12619
4.9968 0 0.127335
4.9992 0 0.126741
5.0016 0 0.128098
5.004 0 0.127165
5.0064 0 0.126147
5.0088 0 0.12407
5.0112 0 0.12479
5.0136 0 0.126783
5.016 0 0.124578
5.0184 0 0.126465
5.0208 0 0.125363
5.0232 0 0.122691
5.0256 0 0.126656
5.028 0 0.127144
5.0304 0 0.124536
5.0328 0 0.126889
5.0352 0 0.124557
5.0376 0 0.124091
5.04 0 0.125744
5.0424 0 0.125808
5.0448 0 0.125066
5.0472 0 0.129879
5.0496 0 0.12831
5.052 0 0.126614
5.0544 0 0.125766
5.0568 0 0.129179
5.0592 0 0.128013
5.0616 0 0.127462
5.064 0 0.128437
5.0664 0 0.126232
5.0688 0 0.12761
5.0712 0 0.128797
5.0736 0 0.128437
5.076 0 0.124218
5.0784 0 0.124642
5.0808 0 0.128946
5.0832 0 0.123836
5.0856 0 0.125723
5.088 0 0.126486
5.0904 0 0.126359
5.0928 0 0.129985
5.0952 0 0.127207
5.0976 0 0.126465
5.1 0 0.125744
5.1024 0 0.129836
5.1048 0 0.127313
5.1072 0 0.130599
5.1096 0 0.126656
5.112 0 0.127737
5.1144 0 0.126529
5.1168 0 0.126105
5.1192 0 0.126211
5.1216 0 0.1299
5.124 0 0.129857
5.1264 0 0.127313
5.1288 0 0.128267
5.1312 0 0.127377
5.1336 0 0.132486
5.136 0 0.129137
5.1384 0 0.129815
5.1408 0 0.127292
5.1432 0 0.129815
5.1456 0 0.129857
5.148 0 0.127271
5.1504 0 0.129836
5.1528 0 0.127971
5.1552 0 0.127547
5.1576 0 0.126508
5.16 0 0.125808
5.1624 0 0.128691
5.1648 0 0.131766
5.1672 0 0.129645
5.1696 0 0.127695
5.172 0 0.128204
5.1744 0 0.130451
5.1768 0 0.127568
5.1792 0 0.127992
5.1816 0 0.12638
5.184 0 0.125193
5.1864 0 0.128564
5.1888 0 0.129815
5.1912 0 0.130557
5.1936 0 0.1292
5.196 0 0.128246
5.1984 0 0.129879
5.2008 0 0.127483
5.2032 0 0.127462
5.2056 0 0.129073
5.208 0 0.128077
5.2104 0 0.130133
5.2128 0 0.129349
5.2152 0 0.128755
5.2176 0 0.124621
5.22 0 0.129158
5.2224 0 0.132995
5.2248 0 0.129942
5.2272 0 0.130154
5.2296 0 0.132741
5.232 0 0.130621
5.2344 0 0.131278
5.2368 0 0.131426
5.2392 0 0.127949
5.2416 0 0.130027
5.244 0 0.130197
5.2464 0 0.129582
5.2488 0 0.133652
5.2512 0 0.131978
5.2536 0 0.133356
5.256 0 0.128946
5.2584 0 0.129963
5.2608 0 0.129412
5.2632 0 0.127313
5.2656 0 0.131554
5.268 0 0.129264
5.2704 0 0.130451
5.2728 0 0.129179
5.2752 0 0.132317
5.2776 0 0.130112
5.28 0 0.129857
5.2824 0 0.132168
5.2848 0 0.128395
5.2872 0 0.130981
5.2896 0 0.132168
5.292 0 0.133419
5.2944 0 0.132296
5.2968 0 0.127737
5.2992 0 0.130918
5.3016 0 0.134501
5.304 0 0.13166
5.3064 0 0.130812
5.3088 0 0.132274
5.3112 0 0.131172
5.3136 0 0.132508
5.316 0 0.131872
5.3184 0 0.133419
5.3208 0 0.130621
5.3232 0 0.127992
5.3256 0 0.133101
5.328 0 0.130112
5.3304 0 0.131257
5.3328 0 0.13272
5.3352 0 0.132168
5.3376 0 0.132126
5.34 0 0.134395
5.3424 0 0.130939
5.3448 0 0.132804
5.3472 0 0.132211
5.3496 0 0.131532
5.352 0 0.13079
5.3544 0 0.131193
5.3568 0 0.133504
5.3592 0 0.134988
5.3616 0 0.133101
5.364 0 0.133016
5.3664 0 0.13414
5.3688 0 0.131808
5.3712 0 0.135306
5.3736 0 0.131087
5.376 0 0.133737
5.3784 0 0.131702
5.3808 0 0.131448
5.3832 0 0.132338
5.3856 0 0.132105
5.388 0 0.132465
5.3904 0 0.134501
5.3928 0 0.134691
5.3952 0 0.134204
5.3976 0 0.132274
5.4 0 0.133843
5.4024 0 0.130578
5.4048 0 0.131575
5.4072 0 0.13255
5.4096 0 0.131172
5.412 0 0.133652
5.4144 0 0.133186
5.4168 0 0.134289
5.4192 0 0.136091
5.4216 0 0.13238
5.424 0 0.132592
5.4264 0 0.134098
5.4288 0 0.131108
5.4312 0 0.134352
5.4336 0 0.131214
5.436 0 0.13308
5.4384 0 0.132656
5.4408 0 0.131448
5.4432 0 0.135221
5.4456 0 0.132402
5.448 0 0.131002
5.4504 0 0.133292
5.4528 0 0.132444
5.4552 0 0.135243
5.4576 0 0.134225
5.46 0 0.13397
5.4624 0 0.137978
5.4648 0 0.136281
5.4672 0 0.134734
5.4696 0 0.135179
5.472 0 0.136069
5.4744 0 0.132635
5.4768 0 0.135518
5.4792 0 0.133525
5.4816 0 0.131448
5.484 0 0.13785
5.4864 0 0.135327
5.4888 0 0.133356
5.4912 0 0.135327
5.4936 0 0.132296
5.496 0 0.131532
5.4984 0 0.132762
5.5008 0 0.134437
5.5032 0 0.13573
5.5056 0 0.136854
5.508 0 0.133716
5.5104 0 0.134267
5.5128 0 0.134967
5.5152 0 0.139483
5.5176 0 0.135709
5.52 0 0.136621
5.5224 0 0.134713
5.5248 0 0.13238
5.5272 0 0.134479
5.5296 0 0.135179
5.532 0 0.137193
5.5344 0 0.136345
5.5368 0 0.135921
5.5392 0 0.134055
5.5416 0 0.136324
5.544 0 0.133462
5.5464 0 0.133674
5.5488 0 0.139886
5.5512 0 0.133695
5.5536 0 0.137341
5.556 0 0.138147
5.5584 0 0.134479
5.5608 0 0.136154
5.5632 0 0.134755
5.5656 0 0.136705
5.568 0 0.135815
5.5704 0 0.13202
5.5728 0 0.134797
5.5752 0 0.134903
5.5776 0 0.136197
5.58 0 0.132465
5.5824 0 0.135518
5.5848 0 0.136727
5.5872 0 0.135179
5.5896 0 0.136069
5.592 0 0.135455
5.5944 0 0.137596
5.5968 0 0.136599
5.5992 0 0.137978
5.6016 0 0.139165
5.604 0 0.133928
5.6064 0 0.137766
5.6088 0 0.134013
5.6112 0 0.136048
5.6136 0 0.137299
5.616 0 0.13431
5.6184 0 0.135115
5.6208 0 0.13467
5.6232 0 0.135221
5.6256 0 0.137299
5.628 0 0.136197
5.6304 0 0.135773
5.6328 0 0.135603
5.6352 0 0.139228
5.6376 0 0.137151
5.64 0 0.140712
5.6424 0 0.135433
5.6448 0 0.132783
5.6472 0 0.134691
5.6496 0 0.134734
5.652 0 0.136472
5.6544 0 0.139016
5.6568 0 0.135455
5.6592 0 0.1352
5.6616 0 0.136324
5.664 0 0.135963
5.6664 0 0.13537
5.6688 0 0.136281
5.6712 0 0.135963
5.6736 0 0.13838
5.676 0 0.139504
5.6784 0 0.136917
5.6808 0 0.133313
5.6832 0 0.137935
5.6856 0 0.136091
5.688 0 0.136557
5.6904 0 0.134734
5.6928 0 0.136197
5.6952 0 0.14067
5.6976 0 0.138826
5.7 0 0.13944
5.7024 0 0.139928
5.7048 0 0.137002
5.7072 0 0.138084
5.7096 0 0.139589
5.712 0 0.137935
5.7144 0 0.138486
5.7168 0 0.139758
5.7192 0 0.137935
5.7216 0 0.137808
5.724 0 0.139504
5.7264 0 0.139165
5.7288 0 0.135094
5.7312 0 0.136536
5.7336 0 0.137532
5.736 0 0.137532
5.7384 0 0.138253
5.7408 0 0.138444
5.7432 0 0.135751
5.7456 0 0.138126
5.748 0 0.138635
5.7504 0 0.135667
5.7528 0 0.138932
5.7552 0 0.13819
5.7576 0 0.140988
5.76 0 0.136896
5.7624 0 0.13766
5.7648 0 0.136472
5.7672 0 0.139228
5.7696 0 0.139949
5.772 0 0.139483
5.7744 0 0.137405
5.7768 0 0.138995
5.7792 0 0.137808
5.7816 0 0.137914
5.784 0 0.137935
5.7864 0 0.139716
5.7888 0 0.138826
5.7912 0 0.139313
5.7936 0 0.139313
5.796 0 0.137787
5.7984 0 0.138529
5.8008 0 0.140712
5.8032 0 0.140373
5.8056 0 0.140712
5.808 0 0.136854
5.8104 0 0.138783
5.8128 0 0.139737
5.8152 0 0.13749
5.8176 0 0.140225
5.82 0 0.1405
5.8224 0 0.139758
5.8248 0 0.137914
5.8272 0 0.138995
5.8296 0 0.139504
5.832 0 0.139525
5.8344 0 0.13785
5.8368 0 0.137341
5.8392 0 0.137744
5.8416 0 0.136896
5.844 0 0.138423
5.8464 0 0.141603
5.8488 0 0.143341
5.8512 0 0.140712
5.8536 0 0.140331
5.856 0 0.139695
5.8584 0 0.137363
5.8608 0 0.138571
5.8632 0 0.14031
5.8656 0 0.141561
5.868 0 0.136599
5.8704 0 0.138359
5.8728 0 0.139101
5.8752 0 0.140076
5.8776 0 0.141455
5.88 0 0.140225
5.8824 0 0.139398
5.8848 0 0.144423
5.8872 0 0.14084
5.8896 0 0.138168
5.892 0 0.139313
5.8944 0 0.139504
5.8968 0 0.140564
5.8992 0 0.142515
5.9016 0 0.136493
5.904 0 0.139928
5.9064 0 0.139059
5.9088 0 0.143002
5.9112 0 0.1412
5.9136 0 0.139801
5.916 0 0.140098
5.9184 0 0.140076
5.9208 0 0.140373
5.9232 0 0.139059
5.9256 0 0.140882
5.928 0 0.140204
5.9304 0 0.140394
5.9328 0 0.142175
5.9352 0 0.139949
5.9376 0 0.141391
5.94 0 0.140373
5.9424 0 0.139843
5.9448 0 0.142197
5.9472 0 0.141285
5.9496 0 0.138486
5.952 0 0.136239
5.9544 0 0.140288
5.9568 0 0.138126
5.9592 0 0.140288
5.9616 0 0.137045
5.964 0 0.138062
5.9664 0 0.1412
5.9688 0 0.137893
5.9712 0 0.139377
5.9736 0 0.139737
5.976 0 0.140352
5.9784 0 0.140628
5.9808 0 0.143469
5.9832 0 0.140267
5.9856 0 0.143045
5.988 0 0.14103
5.9904 0 0.139864
5.9928 0 0.138974
5.9952 0 0.140585
5.9976 0 0.138444
6 0 0.141561
6.0024 0 0.142854
6.0048 0 0.140479
6.0072 0 0.142197
6.0096 0 0.140161
6.012 0 0.141561
6.0144 0 0.13997
6.0168 0 0.140691
6.0192 0 0.142451
6.0216 0 0.143426
6.024 0 0.141942
6.0264 0 0.142663
6.0288 0 0.142409
6.0312 0 0.138889
6.0336 0 0.141709
6.036 0 0.140246
6.0384 0 0.141433
6.0408 0 0.142663
6.0432 0 0.140055
6.0456 0 0.140331
6.048 0 0.142239
6.0504 0 0.144868
6.0528 0 0.142515
6.0552 0 0.139356
6.0576 0 0.141243
6.06 0 0.143108
6.0624 0 0.141942
6.0648 0 0.142578
6.0672 0 0.141349
6.0696 0 0.142748
6.072 0 0.138232
6.0744 0 0.144189
6.0768 0 0.146034
6.0792 0 0.141327
6.0816 0 0.143553
6.084 0 0.142048
6.0864 0 0.142493
6.0888 0 0.140924
6.0912 0 0.140734
6.0936 0 0.143129
6.096 0 0.142854
6.0984 0 0.142536
6.1008 0 0.140458
6.1032 0 0.140924
6.1056 0 0.144232
6.108 0 0.142811
6.1104 0 0.142154
6.1128 0 0.143023
6.1152 0 0.141264
6.1176 0 0.141349
6.12 0 0.139419
6.1224 0 0.142324
6.1248 0 0.142472
6.1272 0 0.140331
6.1296 0 0.145589
6.132 0 0.144592
6.1344 0 0.14084
6.1368 0 0.136621
6.1392 0 0.141963
6.1416 0 0.141137
6.144 0 0.144211
6.1464 0 0.141518
6.1488 0 0.142218
6.1512 0 0.141709
6.1536 0 0.142705
6.156 0 0.141349
6.1584 0 0.141561
6.1608 0 0.143765
6.1632 0 0.143702
6.1656 0 0.141115
6.168 0 0.141624
6.1704 0 0.140776
6.1728 0 0.144698
6.1752 0 0.143723
6.1776 0 0.138995
6.18 0 0.141921
6.1824 0 0.144592
6.1848 0 0.144847
6.1872 0 0.144041
6.1896 0 0.144741
6.192 0 0.144465
6.1944 0 0.140606
6.1968 0 0.142387
6.1992 0 0.141624
6.2016 0 0.142069
6.204 0 0.144232
6.2064 0 0.142366
6.2088 0 0.142175
6.2112 0 0.143214
6.2136 0 0.141009
6.216 0 0.142281
6.2184 0 0.14332
6.2208 0 0.143808
6.2232 0 0.142239
6.2256 0 0.144656
6.228 0 0.144423
6.2304 0 0.143045
6.2328 0 0.144762
6.2352 0 0.144105
6.2376 0 0.144126
6.24 0 0.144295
6.2424 0 0.140755
6.2448 0 0.141921
6.2472 0 0.140882
6.2496 0 0.142154
6.252 0 0.143914
6.2544 0 0.143681
6.2568 0 0.142048
6.2592 0 0.143977
6.2616 0 0.143002
6.264 0 0.143447
6.2664 0 0.144274
6.2688 0 0.144932
6.2712 0 0.142366
6.2736 0 0.143129
6.276 0 0.14438
6.2784 0 0.143172
6.2808 0 0.143935
6.2832 0 0.143045
6.2856 0 0.142748
6.288 0 0.144614
6.2904 0 0.142705
6.2928 0 0.145038
6.2952 0 0.144592
6.2976 0 0.145292
6.3 0 0.141052
6.3024 0 0.144953
6.3048 0 0.141624
6.3072 0 0.145207
6.3096 0 0.146098
6.312 0 0.143257
6.3144 0 0.144041
6.3168 0 0.145059
6.3192 0 0.143787
6.3216 0 0.143151
6.324 0 0.141624
6.3264 0 0.144677
6.3288 0 0.143681
6.3312 0 0.141857
6.3336 0 0.145292
6.336 0 0.142896
6.3384 0 0.14508
6.3408 0 0.141942
6.3432 0 0.146479
6.3456 0 0.143193
6.348 0 0.143575
6.3504 0 0.143956
6.3528 0 0.144359
6.3552 0 0.144826
6.3576 0 0.143977
6.36 0 0.144656
6.3624 0 0.145716
6.3648 0 0.145483
6.3672 0 0.143956
6.3696 0 0.142684
6.372 0 0.144953
6.3744 0 0.144126
6.3768 0 0.145483
6.3792 0 0.139419
6.3816 0 0.146797
6.384 0 0.14525
6.3864 0 0.146119
6.3888 0 0.143638
6.3912 0 0.144317
6.3936 0 0.144974
6.396 0 0.143765
6.3984 0 0.145674
6.4008 0 0.144847
6.4032 0 0.141709
6.4056 0 0.142896
6.408 0 0.143787
6.4104 0 0.140458
6.4128 0 0.146437
6.4152 0 0.142387
6.4176 0 0.144359
6.42 0 0.144444
6.4224 0 0.143129
6.4248 0 0.140098
6.4272 0 0.14508
6.4296 0 0.146585
6.432 0 0.148154
6.4344 0 0.143045
6.4368 0 0.144083
6.4392 0 0.143002
6.4416 0 0.146034
6.444 0 0.143363
6.4464 0 0.143638
6.4488 0 0.147857
6.4512 0 0.144401
6.4536 0 0.143659
6.456 0 0.14737
6.4584 0 0.143871
6.4608 0 0.143723
6.4632 0 0.142917
6.4656 0 0.144614
6.468 0 0.146182
6.4704 0 0.145038
6.4728 0 0.144741
6.4752 0 0.14438
6.4776 0 0.143999
6.48 0 0.148006
6.4824 0 0.143172
6.4848 0 0.145631
6.4872 0 0.146458
6.4896 0 0.147136
6.492 0 0.146416
6.4944 0 0.144741
6.4968 0 0.14667
6.4992 0 0.146204
6.5016 0 0.144995
6.504 0 0.140882
6.5064 0 0.141963
6.5088 0 0.144423
6.5112 0 0.144677
6.5136 0 0.143956
6.516 0 0.145864
6.5184 0 0.144465
6.5208 0 0.144889
6.5232 0 0.142493
6.5256 0 0.142917
6.528 0 0.143638
6.5304 0 0.143977
6.5328 0 0.143151
6.5352 0 0.146352
6.5376 0 0.144465
6.54 0 0.147772
6.5424 0 0.147073
6.5448 0 0.144423
6.5472 0 0.146267
6.5496 0 0.140903
6.552 0 0.142451
6.5544 0 0.144783
6.5568 0 0.144932
6.5592 0 0.140628
6.5616 0 0.144741
6.564 0 0.144571
6.5664 0 0.144168
6.5688 0 0.145568
6.5712 0 0.146628
6.5736 0 0.147624
6.576 0 0.144041
6.5784 0 0.144444
6.5808 0 0.143278
6.5832 0 0.145207
6.5856 0 0.142493
6.588 0 0.1472
6.5904 0 0.144211
6.5928 0 0.143447
6.5952 0 0.141179
6.5976 0 0.14491
6.6 0 0.145546
6.6024 0 0.146098
6.6048 0 0.142939
6.6072 0 0.14243
6.6096 0 0.145864
6.612 0 0.143829
6.6144 0 0.143702
6.6168 0 0.143893
6.6192 0 0.146564
6.6216 0 0.146416
6.624 0 0.147582
6.6264 0 0.144953
6.6288 0 0.145546
6.6312 0 0.146161
6.6336 0 0.14737
6.636 0 0.141688
6.6384 0 0.147221
6.6408 0 0.143405
6.6432 0 0.147073
6.6456 0 0.145356
6.648 0 0.141518
6.6504 0 0.144083
6.6528 0 0.146522
6.6552 0 0.141879
6.6576 0 0.144953
6.66 0 0.146161
6.6624 0 0.145483
6.6648 0 0.143214
6.6672 0 0.141539
6.6696 0 0.145631
6.672 0 0.142663
6.6744 0 0.148387
6.6768 0 0.143384
6.6792 0 0.145589
6.6816 0 0.144211
6.684 0 0.144783
6.6864 0 0.145122
6.6888 0 0.149744
6.6912 0 0.146585
6.6936 0 0.148006
6.696 0 0.144804
6.6984 0 0.142875
6.7008 0 0.144868
6.7032 0 0.145652
6.7056 0 0.143447
6.708 0 0.143914
6.7104 0 0.144826
6.7128 0 0.144423
6.7152 0 0.146076
6.7176 0 0.143977
6.72 0 0.146373
6.7224 0 0.146013
6.7248 0 0.148133
6.7272 0 0.146734
6.7296 0 0.143977
6.732 0 0.143977
6.7344 0 0.145525
6.7368 0 0.14279
6.7392 0 0.145419
6.7416 0 0.145525
6.744 0 0.145716
6.7464 0 0.145186
6.7488 0 0.148281
6.7512 0 0.144147
6.7536 0 0.148917
6.756 0 0.144401
6.7584 0 0.14402
6.7608 0 0.143087
6.7632 0 0.147518
6.7656 0 0.144083
6.768 0 0.143257
6.7704 0 0.146246
6.7728 0 0.143108
6.7752 0 0.143469
6.7776 0 0.144401
6.78 0 0.14614
6.7824 0 0.145144
6.7848 0 0.142281
6.7872 0 0.14561
6.7896 0 0.147772
6.792 0 0.144062
6.7944 0 0.144105
6.7968 0 0.143151
6.7992 0 0.144953
6.8016 0 0.148239
6.804 0 0.14472
6.8064 0 0.146013
6.8088 0 0.145843
6.8112 0 0.144401
6.8136 0 0.143723
6.816 0 0.142472
6.8184 0 0.144592
6.8208 0 0.142578
6.8232 0 0.144529
6.8256 0 0.145334
6.828 0 0.147963
6.8304 0 0.144847
6.8328 0 0.146373
6.8352 0 0.1419
6.8376 0 0.143999
6.84 0 0.144804
6.8424 0 0.144486
6.8448 0 0.146924
6.8472 0 0.149829
6.8496 0 0.145377
6.852 0 0.144486
6.8544 0 0.145271
6.8568 0 0.146034
6.8592 0 0.146818
6.8616 0 0.145228
6.864 0 0.145398
6.8664 0 0.149087
6.8688 0 0.143787
6.8712 0 0.145589
6.8736 0 0.145992
6.876 0 0.14561
6.8784 0 0.147582
6.8808 0 0.142621
6.8832 0 0.143723
6.8856 0 0.144571
6.888 0 0.143511
6.8904 0 0.144338
6.8928 0 0.145801
6.8952 0 0.145949
6.8976 0 0.144804
6.9 0 0.142917
6.9024 0 0.14544
6.9048 0 0.144211
6.9072 0 0.144126
6.9096 0 0.142112
6.912 0 0.147179
6.9144 0 0.146416
6.9168 0 0.14826
6.9192 0 0.143384
6.9216 0 0.146437
6.924 0 0.144338
6.9264 0 0.142578
6.9288 0 0.144232
6.9312 0 0.143893
6.9336 0 0.144338
6.936 0 0.143341
6.9384 0 0.145059
6.9408 0 0.144804
6.9432 0 0.143829
6.9456 0 0.143151
6.948 0 0.144826
6.9504 0 0.147052
6.9528 0 0.144401
6.9552 0 0.148218
6.9576 0 0.145822
6.96 0 0.145101
6.9624 0 0.144783
6.9648 0 0.145716
6.9672 0 0.146098
6.9696 0 0.146098
6.972 0 0.145419
6.9744 0 0.143511
6.9768 0 0.148493
6.9792 0 0.14491
6.9816 0 0.145992
6.984 0 0.146394
6.9864 0 0.14472
6.9888 0 0.146458
6.9912 0 0.14667
6.9936 0 0.145462
6.996 0 0.145165
6.9984 0 0.145122
7.0008 0 0.143426
7.0032 0 0.144868
7.0056 0 0.145334
7.008 0 0.143341
7.0104 0 0.141412
7.0128 0 0.14402
7.0152 0 0.143532
7.0176 0 0.143871
7.02 0 0.142939
7.0224 0 0.149193
7.0248 0 0.144211
7.0272 0 0.145377
7.0296 0 0.14667
7.032 0 0.145398
7.0344 0 0.14525
7.0368 0 0.149045
7.0392 0 0.140988
7.0416 0 0.145398
7.044 0 0.142048
7.0464 0 0.146797
7.0488 0 0.14684
7.0512 0 0.143871
7.0536 0 0.147794
7.056 0 0.144253
7.0584 0 0.143405
7.0608 0 0.143511
7.0632 0 0.144083
7.0656 0 0.145356
7.068 0 0.143617
7.0704 0 0.14525
7.0728 0 0.14703
7.0752 0 0.142939
7.0776 0 0.143426
7.08 0 0.143511
7.0824 0 0.146013
7.0848 0 0.14279
7.0872 0 0.145165
7.0896 0 0.145822
7.092 0 0.146543
7.0944 0 0.144995
7.0968 0 0.144486
7.0992 0 0.145758
7.1016 0 0.147518
7.104 0 0.144804
7.1064 0 0.145271
7.1088 0 0.142811
7.1112 0 0.142811
7.1136 0 0.143999
7.116 0 0.143299
7.1184 0 0.141221
7.1208 0 0.143935
7.1232 0 0.144953
7.1256 0 0.145122
7.128 0 0.144677
7.1304 0 0.142112
7.1328 0 0.142621
7.1352 0 0.144253
7.1376 0 0.146076
7.14 0 0.146098
7.1424 0 0.143999
7.1448 0 0.14349
7.1472 0 0.143829
7.1496 0 0.141751
7.152 0 0.145525
7.1544 0 0.14438
7.1568 0 0.141137
7.1592 0 0.145822
7.1616 0 0.145674
7.164 0 0.143384
7.1664 0 0.143405
7.1688 0 0.144995
7.1712 0 0.143447
7.1736 0 0.143935
7.176 0 0.14756
7.1784 0 0.144126
7.1808 0 0.143235
7.1832 0 0.141243
7.1856 0 0.142981
7.188 0 0.14491
7.1904 0 0.144953
7.1928 0 0.144783
7.1952 0 0.141349
7.1976 0 0.144486
7.2 0 0.144295
7.2024 0 0.143299
7.2048 0 0.144847
7.2072 0 0.140119
7.2096 0 0.139292
7.212 0 0.143723
7.2144 0 0.143596
7.2168 0 0.144804
7.2192 0 0.144105
7.2216 0 0.141794
7.224 0 0.146288
7.2264 0 0.143511
7.2288 0 0.141603
7.2312 0 0.141582
7.2336 0 0.14279
7.236 0 0.142091
7.2384 0 0.142769
7.2408 0 0.144147
7.2432 0 0.145228
7.2456 0 0.141115
7.248 0 0.145949
7.2504 0 0.144062
7.2528 0 0.141433
7.2552 0 0.144444
7.2576 0 0.14402
7.26 0 0.14614
7.2624 0 0.143193
7.2648 0 0.143108
7.2672 0 0.14349
7.2696 0 0.141264
7.272 0 0.142599
7.2744 0 0.146331
7.2768 0 0.141349
7.2792 0 0.140373
7.2816 0 0.142769
7.284 0 0.143257
7.2864 0 0.142727
7.2888 0 0.142727
7.2912 0 0.144295
7.2936 0 0.144401
7.296 0 0.142811
7.2984 0 0.142769
7.3008 0 0.142366
7.3032 0 0.140924
7.3056 0 0.143977
7.308 0 0.143066
7.3104 0 0.144338
7.3128 0 0.141963
7.3152 0 0.142324
7.3176 0 0.142493
7.32 0 0.143935
7.3224 0 0.143172
7.3248 0 0.144317
7.3272 0 0.142069
7.3296 0 0.142875
7.332 0 0.140882
7.3344 0 0.143956
7.3368 0 0.140098
7.3392 0 0.140649
7.3416 0 0.14067
7.344 0 0.139525
7.3464 0 0.147264
7.3488 0 0.143087
7.3512 0 0.140924
7.3536 0 0.140522
7.356 0 0.144953
7.3584 0 0.142303
7.3608 0 0.143999
7.3632 0 0.142281
7.3656 0 0.145822
7.368 0 0.144274
7.3704 0 0.141497
7.3728 0 0.144656
7.3752 0 0.143469
7.3776 0 0.144423
7.38 0 0.141285
7.3824 0 0.140988
7.3848 0 0.14544
7.3872 0 0.139843
7.3896 0 0.143363
7.392 0 0.143638
7.3944 0 0.142366
7.3968 0 0.145631
7.3992 0 0.140903
7.4016 0 0.142684
7.404 0 0.140564
7.4064 0 0.143002
7.4088 0 0.143023
7.4112 0 0.142684
7.4136 0 0.141645
7.416 0 0.142345
7.4184 0 0.143447
7.4208 0 0.142536
7.4232 0 0.141942
7.4256 0 0.143426
7.428 0 0.142175
7.4304 0 0.141836
7.4328 0 0.144211
7.4352 0 0.143935
7.4376 0 0.14332
7.44 0 0.140161
7.4424 0 0.139038
7.4448 0 0.142621
7.4472 0 0.143447
7.4496 0 0.138741
7.452 0 0.139843
7.4544 0 0.145631
7.4568 0 0.143066
7.4592 0 0.14243
7.4616 0 0.144656
7.464 0 0.143066
7.4664 0 0.141052
7.4688 0 0.141688
7.4712 0 0.143045
7.4736 0 0.143363
7.476 0 0.13997
7.4784 0 0.14349
7.4808 0 0.140946
7.4832 0 0.141815
7.4856 0 0.140882
7.488 0 0.141561
7.4904 0 0.139737
7.4928 0 0.142727
7.4952 0 0.141433
7.4976 0 0.143278
7.5 0 0.140543
7.5024 0 0.14349
7.5048 0 0.141264
7.5072 0 0.140013
7.5096 0 0.14402
7.512 0 0.142366
7.5144 0 0.139186
7.5168 0 0.137956
7.5192 0 0.142769
7.5216 0 0.139356
7.524 0 0.141221
7.5264 0 0.144168
7.5288 0 0.141815
7.5312 0 0.140479
7.5336 0 0.140119
7.536 0 0.138826
7.5384 0 0.139843
7.5408 0 0.141985
7.5432 0 0.139928
7.5456 0 0.141942
7.548 0 0.13944
7.5504 0 0.139038
7.5528 0 0.141476
7.5552 0 0.140543
7.5576 0 0.1419
7.56 0 0.14014
7.5624 0 0.138826
7.5648 0 0.139059
7.5672 0 0.141709
7.5696 0 0.1359
7.572 0 0.138614
7.5744 0 0.138571
7.5768 0 0.137872
7.5792 0 0.140458
7.5816 0 0.142578
7.584 0 0.137235
7.5864 0 0.142091
7.5888 0 0.138571
7.5912 0 0.138953
7.5936 0 0.140564
7.596 0 0.139186
7.5984 0 0.137702
7.6008 0 0.142197
7.6032 0 0.14067
7.6056 0 0.13838
7.608 0 0.141455
7.6104 0 0.140734
7.6128 0 0.140734
7.6152 0 0.139822
7.6176 0 0.138656
7.62 0 0.139271
7.6224 0 0.13997
7.6248 0 0.138232
7.6272 0 0.13766
7.6296 0 0.139589
7.632 0 0.138571
7.6344 0 0.137469
7.6368 0 0.140416
7.6392 0 0.138614
7.6416 0 0.14279
7.644 0 0.141539
7.6464 0 0.137384
7.6488 0 0.141137
7.6512 0 0.13732
7.6536 0 0.142006
7.656 0 0.140734
7.6584 0 0.136239
7.6608 0 0.135455
7.6632 0 0.136748
7.6656 0 0.138062
7.668 0 0.139504
7.6704 0 0.13891
7.6728 0 0.138508
7.6752 0 0.138041
7.6776 0 0.140267
7.68 0 0.140246
7.6824 0 0.139483
7.6848 0 0.137235
7.6872 0 0.140564
7.6896 0 0.141688
7.692 0 0.136705
7.6944 0 0.140076
7.6968 0 0.13925
7.6992 0 0.136133
7.7016 0 0.137596
7.704 0 0.137384
7.7064 0 0.135963
7.7088 0 0.138995
7.7112 0 0.139101
7.7136 0 0.138571
7.716 0 0.13819
7.7184 0 0.136197
7.7208 0 0.140288
7.7232 0 0.13819
7.7256 0 0.140479
7.728 0 0.137702
7.7304 0 0.13679
7.7328 0 0.137023
7.7352 0 0.136366
7.7376 0 0.13872
7.74 0 0.138168
7.7424 0 0.138486
7.7448 0 0.13872
7.7472 0 0.138168
7.7496 0 0.140797
7.752 0 0.137575
7.7544 0 0.136769
7.7568 0 0.139462
7.7592 0 0.136557
7.7616 0 0.136027
7.764 0 0.137766
7.7664 0 0.137087
7.7688 0 0.138635
7.7712 0 0.136324
7.7736 0 0.13696
7.776 0 0.134946
7.7784 0 0.137766
7.7808 0 0.135158
7.7832 0 0.137575
7.7856 0 0.137172
7.788 0 0.138062
7.7904 0 0.139419
7.7928 0 0.138444
7.7952 0 0.134416
7.7976 0 0.136875
7.8 0 0.138274
7.8024 0 0.136875
7.8048 0 0.133165
7.8072 0 0.140797
7.8096 0 0.137045
7.812 0 0.136833
7.8144 0 0.136281
7.8168 0 0.136727
7.8192 0 0.136281
7.8216 0 0.134776
7.824 0 0.138592
7.8264 0 0.135942
7.8288 0 0.136536
7.8312 0 0.137045
7.8336 0 0.139356
7.836 0 0.138232
7.8384 0 0.13749
7.8408 0 0.138614
7.8432 0 0.135497
7.8456 0 0.136896
7.848 0 0.138677
7.8504 0 0.133377
7.8528 0 0.137108
7.8552 0 0.136239
7.8576 0 0.13573
7.86 0 0.134988
7.8624 0 0.138168
7.8648 0 0.13573
7.8672 0 0.136091
7.8696 0 0.135391
7.872 0 0.138317
7.8744 0 0.131914
7.8768 0 0.136642
7.8792 0 0.141963
7.8816 0 0.134161
7.884 0 0.135857
7.8864 0 0.139419
7.8888 0 0.135476
7.8912 0 0.136981
7.8936 0 0.13573
7.896 0 0.139207
7.8984 0 0.135433
7.9008 0 0.133144
7.9032 0 0.132084
7.9056 0 0.134034
7.908 0 0.132762
7.9104 0 0.135773
7.9128 0 0.13291
7.9152 0 0.135815
7.9176 0 0.133822
7.92 0 0.13573
7.9224 0 0.136917
7.9248 0 0.138656
7.9272 0 0.132783
7.9296 0 0.13219
7.932 0 0.13166
7.9344 0 0.136621
7.9368 0 0.13308
7.9392 0 0.13626
7.9416 0 0.133992
7.944 0 0.134946
7.9464 0 0.136091
7.9488 0 0.135879
7.9512 0 0.133462
7.9536 0 0.133462
7.956 0 0.136048
7.9584 0 0.137596
7.9608 0 0.13537
7.9632 0 0.133589
7.9656 0 0.136409
7.968 0 0.135073
7.9704 0 0.135815
7.9728 0 0.133674
7.9752 0 0.135985
7.9776 0 0.135052
7.98 0 0.137829
7.9824 0 0.132868
7.9848 0 0.134734
7.9872 0 0.135645
7.9896 0 0.13872
7.992 0 0.135963
7.9944 0 0.133059
7.9968 0 0.13397
7.9992 0 0.133144
8.0016 0 0.132486
8.004 0 0.136069
8.0064 0 0.135391
8.0088 0 0.132359
8.0112 0 0.138296
8.0136 0 0.13325
8.016 0 0.137045
8.0184 0 0.131024
8.0208 0 0.132423
8.0232 0 0.133631
8.0256 0 0.134903
8.028 0 0.135476
8.0304 0 0.130854
8.0328 0 0.132614
8.0352 0 0.131681
8.0376 0 0.132995
8.04 0 0.131872
8.0424 0 0.13096
8.0448 0 0.135073
8.0472 0 0.132105
8.0496 0 0.129624
8.052 0 0.129539
8.0544 0 0.13166
8.0568 0 0.131405
8.0592 0 0.132995
8.0616 0 0.132126
8.064 0 0.133313
8.0664 0 0.131829
8.0688 0 0.13467
8.0712 0 0.132105
8.0736 0 0.133695
8.076 0 0.134395
8.0784 0 0.132211
8.0808 0 0.132126
8.0832 0 0.132741
8.0856 0 0.129667
8.088 0 0.13308
8.0904 0 0.133568
8.0928 0 0.130175
8.0952 0 0.130112
8.0976 0 0.129518
8.1 0 0.134267
8.1024 0 0.130218
8.1048 0 0.133377
8.1072 0 0.131342
8.1096 0 0.13096
8.112 0 0.130451
8.1144 0 0.129963
8.1168 0 0.133928
8.1192 0 0.130748
8.1216 0 0.133589
8.124 0 0.130366
8.1264 0 0.129645
8.1288 0 0.132783
8.1312 0 0.129921
8.1336 0 0.130536
8.136 0 0.133589
8.1384 0 0.134098
8.1408 0 0.131787
8.1432 0 0.13132
8.1456 0 0.130451
8.148 0 0.133716
8.1504 0 0.130748
8.1528 0 0.133546
8.1552 0 0.131575
8.1576 0 0.133546
8.16 0 0.129942
8.1624 0 0.129645
8.1648 0 0.129306
8.1672 0 0.130409
8.1696 0 0.129285
8.172 0 0.130642
8.1744 0 0.129518
8.1768 0 0.128649
8.1792 0 0.131257
8.1816 0 0.131999
8.184 0 0.13149
8.1864 0 0.132826
8.1888 0 0.130069
8.1912 0 0.13414
8.1936 0 0.128564
8.196 0 0.131426
8.1984 0 0.131426
8.2008 0 0.129794
8.2032 0 0.130918
8.2056 0 0.12884
8.208 0 0.131999
8.2104 0 0.13255
8.2128 0 0.129603
8.2152 0 0.129455
8.2176 0 0.130769
8.22 0 0.130197
8.2224 0 0.130536
8.2248 0 0.131299
8.2272 0 0.129794
8.2296 0 0.129667
8.232 0 0.130281
8.2344 0 0.126783
8.2368 0 0.126741
8.2392 0 0.131893
8.2416 0 0.129433
8.244 0 0.127419
8.2464 0 0.126508
8.2488 0 0.128161
8.2512 0 0.127716
8.2536 0 0.130197
8.256 0 0.130748
8.2584 0 0.12655
8.2608 0 0.128988
8.2632 0 0.126211
8.2656 0 0.130451
8.268 0 0.127949
8.2704 0 0.125342
8.2728 0 0.130409
8.2752 0 0.128649
8.2776 0 0.129412
8.28 0 0.128925
8.2824 0 0.130069
8.2848 0 0.1292
8.2872 0 0.124875
8.2896 0 0.128946
8.292 0 0.126126
8.2944 0 0.130069
8.2968 0 0.128246
8.2992 0 0.131511
8.3016 0 0.130281
8.304 0 0.128564
8.3064 0 0.127716
8.3088 0 0.129009
8.3112 0 0.127907
8.3136 0 0.127525
8.316 0 0.128098
8.3184 0 0.125935
8.3208 0 0.128119
8.3232 0 0.127313
8.3256 0 0.127801
8.328 0 0.126529
8.3304 0 0.123645
8.3328 0 0.125532
8.3352 0 0.128649
8.3376 0 0.125872
8.34 0 0.129137
8.3424 0 0.127801
8.3448 0 0.127695
8.3472 0 0.123624
8.3496 0 0.125172
8.352 0 0.126932
8.3544 0 0.126932
8.3568 0 0.12708
8.3592 0 0.128183
8.3616 0 0.126274
8.364 0 0.129137
8.3664 0 0.127122
8.3688 0 0.123794
8.3712 0 0.126847
8.3736 0 0.124557
8.376 0 0.126741
8.3784 0 0.127313
8.3808 0 0.127186
8.3832 0 0.123073
8.3856 0 0.12867
8.388 0 0.126486
8.3904 0 0.127716
8.3928 0 0.127229
8.3952 0 0.126741
8.3976 0 0.128522
8.4 0 0.124642
8.4024 0 0.126126
8.4048 0 0.128458
8.4072 0 0.126168
8.4096 0 0.125978
8.412 0 0.124409
8.4144 0 0.126635
8.4168 0 0.122437
8.4192 0 0.12426
8.4216 0 0.127462
8.424 0 0.122967
8.4264 0 0.123285
8.4288 0 0.125278
8.4312 0 0.126168
8.4336 0 0.124176
8.436 0 0.121865
8.4384 0 0.124642
8.4408 0 0.123539
8.4432 0 0.122819
8.4456 0 0.121419
8.448 0 0.125108
8.4504 0 0.123243
8.4528 0 0.124409
8.4552 0 0.126656
8.4576 0 0.125363
8.46 0 0.127547
8.4624 0 0.124197
8.4648 0 0.123582
8.4672 0 0.122183
8.4696 0 0.122395
8.472 0 0.12672
8.4744 0 0.124218
8.4768 0 0.122543
8.4792 0 0.12708
8.4816 0 0.125024
8.484 0 0.124578
8.4864 0 0.123031
8.4888 0 0.121759
8.4912 0 0.123433
8.4936 0 0.123964
8.496 0 0.122946
8.4984 0 0.123115
8.5008 0 0.122458
8.5032 0 0.122543
8.5056 0 0.125214
8.508 0 0.123688
8.5104 0 0.125808
8.5128 0 0.122395
8.5152 0 0.123624
8.5176 0 0.122183
8.52 0 0.12549
8.5224 0 0.118833
8.5248 0 0.120062
8.5272 0 0.121229
8.5296 0 0.121949
8.532 0 0.123794
8.5344 0 0.122204
8.5368 0 0.123306
8.5392 0 0.122034
8.5416 0 0.120487
8.544 0 0.123094
8.5464 0 0.118642
8.5488 0 0.120699
8.5512 0 0.122628
8.5536 0 0.121843
8.556 0 0.122501
8.5584 0 0.123688
8.5608 0 0.122755
8.5632 0 0.120444
8.5656 0 0.122437
8.568 0 0.125024
8.5704 0 0.122988
8.5728 0 0.119511
8.5752 0 0.120211
8.5776 0 0.122267
8.58 0 0.121101
8.5824 0 0.120741
8.5848 0 0.124896
8.5872 0 0.120062
8.5896 0 0.120593
8.592 0 0.124282
8.5944 0 0.123476
8.5968 0 0.122543
8.5992 0 0.122946
8.6016 0 0.121419
8.604 0 0.121207
8.6064 0 0.119702
8.6088 0 0.121886
8.6112 0 0.121186
8.6136 0 0.12125
8.616 0 0.118833
8.6184 0 0.123158
8.6208 0 0.121313
8.6232 0 0.118812
8.6256 0 0.118218
8.628 0 0.120105
8.6304 0 0.119702
8.6328 0 0.118918
8.6352 0 0.12161
8.6376 0 0.120487
8.64 0 0.121313
8.6424 0 0.119744
8.6448 0 0.120571
8.6472 0 0.119787
8.6496 0 0.120084
8.652 0 0.119405
8.6544 0 0.119405
8.6568 0 0.118833
8.6592 0 0.119257
8.6616 0 0.12214
8.664 0 0.118515
8.6664 0 0.120974
8.6688 0 0.119151
8.6712 0 0.11985
8.6736 0 0.11985
8.676 0 0.118515
8.6784 0 0.12019
8.6808 0 0.120168
8.6832 0 0.117688
8.6856 0 0.117709
8.688 0 0.118048
8.6904 0 0.118133
8.6928 0 0.117646
8.6952 0 0.120275
8.6976 0 0.117137
8.7 0 0.116734
8.7024 0 0.119299
8.7048 0 0.118684
8.7072 0 0.120211
8.7096 0 0.117667
8.712 0 0.118324
8.7144 0 0.115865
8.7168 0 0.118663
8.7192 0 0.119257
8.7216 0 0.118048
8.724 0 0.117964
8.7264 0 0.11896
8.7288 0 0.117709
8.7312 0 0.12019
8.7336 0 0.119554
8.736 0 0.11773
8.7384 0 0.11896
8.7408 0 0.119384
8.7432 0 0.115483
8.7456 0 0.116819
8.748 0 0.11525
8.7504 0 0.115843
8.7528 0 0.115123
8.7552 0 0.115631
8.7576 0 0.118239
8.76 0 0.115165
8.7624 0 0.119426
8.7648 0 0.116013
8.7672 0 0.114911
8.7696 0 0.118684
8.772 0 0.115886
8.7744 0 0.117073
8.7768 0 0.115822
8.7792 0 0.115101
8.7816 0 0.114783
8.784 0 0.115928
8.7864 0 0.119617
8.7888 0 0.115101
8.7912 0 0.114656
8.7936 0 0.114783
8.796 0 0.115441
8.7984 0 0.114783
8.8008 0 0.115759
8.8032 0 0.116543
8.8056 0 0.115843
8.808 0 0.115589
8.8104 0 0.115886
8.8128 0 0.115313
8.8152 0 0.117222
8.8176 0 0.115547
8.82 0 0.116967
8.8224 0 0.115398
8.8248 0 0.114253
8.8272 0 0.115292
8.8296 0 0.11455
8.832 0 0.112939
8.8344 0 0.113681
8.8368 0 0.114911
8.8392 0 0.113596
8.8416 0 0.116183
8.844 0 0.116119
8.8464 0 0.117116
8.8488 0 0.114487
8.8512 0 0.11508
8.8536 0 0.114614
8.856 0 0.115229
8.8584 0 0.115123
8.8608 0 0.113766
8.8632 0 0.112006
8.8656 0 0.112896
8.868 0 0.115971
8.8704 0 0.112981
8.8728 0 0.115462
8.8752 0 0.111455
8.8776 0 0.111858
8.88 0 0.110543
8.8824 0 0.113427
8.8848 0 0.112684
8.8872 0 0.111858
8.8896 0 0.111964
8.892 0 0.1112
8.8944 0 0.112578
8.8968 0 0.11243
8.8992 0 0.110395
8.9016 0 0.112833
8.904 0 0.115123
8.9064 0 0.1126
8.9088 0 0.11243
8.9112 0 0.110395
8.9136 0 0.112939
8.916 0 0.113829
8.9184 0 0.114359
8.9208 0 0.109229
8.9232 0 0.109419
8.9256 0 0.110056
8.928 0 0.111815
8.9304 0 0.112388
8.9328 0 0.110776
8.9352 0 0.110946
8.9376 0 0.111031
8.94 0 0.11313
8.9424 0 0.113617
8.9448 0 0.110734
8.9472 0 0.110798
8.9496 0 0.114677
8.952 0 0.10872
8.9544 0 0.114783
8.9568 0 0.112345
8.9592 0 0.10961
8.9616 0 0.111285
8.964 0 0.111752
8.9664 0 0.112303
8.9688 0 0.112048
8.9712 0 0.110268
8.9736 0 0.107808
8.976 0 0.109886
8.9784 0 0.113723
8.9808 0 0.109568
8.9832 0 0.108974
8.9856 0 0.107681
8.988 0 0.108911
8.9904 0 0.112324
8.9928 0 0.108635
8.9952 0 0.107236
8.9976 0 0.107151
9 0 0.109313
9.0024 0 0.108932
9.0048 0 0.107745
9.0072 0 0.108762
9.0096 0 0.10995
9.012 0 0.108232
9.0144 0 0.107087
9.0168 0 0.106981
9.0192 0 0.109844
9.0216 0 0.109186
9.024 0 0.107957
9.0264 0 0.110882
9.0288 0 0.108614
9.0312 0 0.110077
9.0336 0 0.110564
9.036 0 0.1059
9.0384 0 0.107702
9.0408 0 0.106409
9.0432 0 0.107766
9.0456 0 0.109547
9.048 0 0.109568
9.0504 0 0.109737
9.0528 0 0.109822
9.0552 0 0.108444
9.0576 0 0.105879
9.06 0 0.109992
9.0624 0 0.110692
9.0648 0 0.106833
9.0672 0 0.108508
9.0696 0 0.103483
9.072 0 0.108296
9.0744 0 0.10378
9.0768 0 0.107639
9.0792 0 0.105497
9.0816 0 0.108677
9.084 0 0.10696
9.0864 0 0.10995
9.0888 0 0.106812
9.0912 0 0.105879
9.0936 0 0.107978
9.096 0 0.106154
9.0984 0 0.109017
9.1008 0 0.104268
9.1032 0 0.105773
9.1056 0 0.105455
9.108 0 0.103865
9.1104 0 0.106048
9.1128 0 0.103822
9.1152 0 0.107151
9.1176 0 0.107999
9.12 0 0.10342
9.1224 0 0.104798
9.1248 0 0.104119
9.1272 0 0.105476
9.1296 0 0.105052
9.132 0 0.105752
9.1344 0 0.108381
9.1368 0 0.104352
9.1392 0 0.103356
9.1416 0 0.104352
9.144 0 0.103695
9.1464 0 0.104352
9.1488 0 0.103971
9.1512 0 0.106451
9.1536 0 0.103314
9.156 0 0.104056
9.1584 0 0.102783
9.1608 0 0.102041
9.1632 0 0.103568
9.1656 0 0.102126
9.168 0 0.104628
9.1704 0 0.105179
9.1728 0 0.10289
9.1752 0 0.103398
9.1776 0 0.102381
9.18 0 0.106409
9.1824 0 0.102084
9.1848 0 0.103504
9.1872 0 0.0986493
9.1896 0 0.100918
9.192 0 0.103801
9.1944 0 0.10414
9.1968 0 0.100918
9.1992 0 0.107087
9.2016 0 0.10255
9.204 0 0.10431
9.2064 0 0.100579
9.2088 0 0.104204
9.2112 0 0.101321
9.2136 0 0.102402
9.216 0 0.106345
9.2184 0 0.101511
9.2208 0 0.10219
9.2232 0 0.101533
9.2256 0 0.102105
9.228 0 0.101533
9.2304 0 0.103822
9.2328 0 0.0993701
9.2352 0 0.104734
9.2376 0 0.100176
9.24 0 0.0999425
9.2424 0 0.100769
9.2448 0 0.0991581
9.2472 0 0.10113
9.2496 0 0.105518
9.252 0 0.103017
9.2544 0 0.0992217
9.2568 0 0.100875
9.2592 0 0.100833
9.2616 0 0.101236
9.264 0 0.100049
9.2664 0 0.0990521
9.2688 0 0.102699
9.2712 0 0.102296
9.2736 0 0.0992217
9.276 0 0.09831
9.2784 0 0.0991581
9.2808 0 0.0987765
9.2832 0 0.100345
9.2856 0 0.0996457
9.288 0 0.098204
9.2904 0 0.101766
9.2928 0 0.100303
9.2952 0 0.102211
9.2976 0 0.0986917
9.3 0 0.100324
9.3024 0 0.101533
9.3048 0 0.100748
9.3072 0 0.0966563
9.3096 0 0.100812
9.312 0 0.102381
9.3144 0 0.101321
9.3168 0 0.0989037
9.3192 0 0.101236
9.3216 0 0.0976316
9.324 0 0.0994337
9.3264 0 0.0985857
9.3288 0 0.0969532
9.3312 0 0.0987977
9.3336 0 0.0969532
9.336 0 0.0983948
9.3384 0 0.0970168
9.3408 0 0.0987341
9.3432 0 0.0989885
9.3456 0 0.0982252
9.348 0 0.0987129
9.3504 0 0.0996245
9.3528 0 0.0963383
9.3552 0 0.0964019
9.3576 0 0.0986493
9.36 0 0.0966139
9.3624 0 0.0969532
9.3648 0 0.0974832
9.3672 0 0.0987553
9.3696 0 0.0980768
9.372 0 0.0967836
9.3744 0 0.0961687
9.3768 0 0.097674
9.3792 0 0.094409
9.3816 0 0.0975892
9.384 0 0.0955327
9.3864 0 0.097356
9.3888 0 0.097144
9.3912 0 0.0957235
9.3936 0 0.0941122
9.396 0 0.0961051
9.3984 0 0.0943454
9.4008 0 0.0950663
9.4032 0 0.0958507
9.4056 0 0.0947058
9.408 0 0.0961899
9.4104 0 0.097038
9.4128 0 0.0935398
9.4152 0 0.0929461
9.4176 0 0.0964019
9.42 0 0.0943666
9.4224 0 0.094515
9.4248 0 0.093879
9.4272 0 0.0952783
9.4296 0 0.0924161
9.432 0 0.0945786
9.4344 0 0.0946634
9.4368 0 0.0932218
9.4392 0 0.0952147
9.4416 0 0.0961899
9.444 0 0.0925009
9.4464 0 0.0939214
9.4488 0 0.0926917
9.4512 0 0.0950451
9.4536 0 0.0947906
9.456 0 0.0944938
9.4584 0 0.0942394
9.4608 0 0.0908472
9.4632 0 0.0946846
9.4656 0 0.0919073
9.468 0 0.0929037
9.4704 0 0.0942606
9.4728 0 0.0943878
9.4752 0 0.0956811
9.4776 0 0.093667
9.48 0 0.0928401
9.4824 0 0.0931793
9.4848 0 0.0953419
9.4872 0 0.0931157
9.4896 0 0.0929249
9.492 0 0.0930521
9.4944 0 0.0926705
9.4968 0 0.0895963
9.4992 0 0.0935398
9.5016 0 0.0919285
9.504 0 0.0894691
9.5064 0 0.0937306
9.5088 0 0.0914408
9.5112 0 0.0905504
9.5136 0 0.0916105
9.516 0 0.0909744
9.5184 0 0.0894691
9.5208 0 0.0923313
9.5232 0 0.0928613
9.5256 0 0.0920769
9.528 0 0.0894267
9.5304 0 0.0891299
9.5328 0 0.089766
9.5352 0 0.0891511
9.5376 0 0.0887271
9.54 0 0.0914833
9.5424 0 0.0931157
9.5448 0 0.0914833
9.5472 0 0.0915469
9.5496 0 0.0887695
9.552 0 0.0899568
9.5544 0 0.0886635
9.5568 0 0.090508
9.5592 0 0.0899356
9.5616 0 0.0929673
9.564 0 0.0909532
9.5664 0 0.087773
9.5688 0 0.0897235
9.5712 0 0.0880275
9.5736 0 0.0862041
9.576 0 0.0884303
9.5784 0 0.087031
9.5808 0 0.0884515
9.5832 0 0.0887271
9.5856 0 0.0883243
9.588 0 0.0887483
9.5904 0 0.0890239
9.5928 0 0.0909108
9.5952 0 0.0903808
9.5976 0 0.0881123
9.6 0 0.0873914
9.6024 0 0.0896811
9.6048 0 0.0874126
9.6072 0 0.0867978
9.6096 0 0.0912076
9.612 0 0.0898932
9.6144 0 0.0870098
9.6168 0 0.0862678
9.6192 0 0.0850593
9.6216 0 0.0869886
9.624 0 0.0886423
9.6264 0 0.0856741
9.6288 0 0.0881123
9.6312 0 0.0873702
9.6336 0 0.0901476
9.636 0 0.0890451
9.6384 0 0.0867766
9.6408 0 0.0881759
9.6432 0 0.0872854
9.6456 0 0.0870522
9.648 0 0.0878366
9.6504 0 0.0867766
9.6528 0 0.0851229
9.6552 0 0.087243
9.6576 0 0.0873278
9.66 0 0.0862466
9.6624 0 0.0832572
9.6648 0 0.0870522
9.6672 0 0.0850381
9.6696 0 0.0872006
9.672 0 0.0853773
9.6744 0 0.0846777
9.6768 0 0.0854621
9.6792 0 0.086819
9.6816 0 0.0828332
9.684 0 0.0858437
9.6864 0 0.0846353
9.6888 0 0.0833208
9.6912 0 0.0843172
9.6936 0 0.0846565
9.696 0 0.0849109
9.6984 0 0.0839568
9.7008 0 0.0850381
9.7032 0 0.0835752
9.7056 0 0.086607
9.708 0 0.0866706
9.7104 0 0.083024
9.7128 0 0.083342
9.7152 0 0.0819003
9.7176 0 0.0846777
9.72 0 0.0853561
9.7224 0 0.0828332
9.7248 0 0.0839568
9.7272 0 0.0836812
9.7296 0 0.0834904
9.732 0 0.0837448
9.7344 0 0.080713
9.7368 0 0.0824939
9.7392 0 0.0837872
9.7416 0 0.0828544
9.744 0 0.0839992
9.7464 0 0.0815611
9.7488 0 0.0818579
9.7512 0 0.0835964
9.7536 0 0.0825151
9.756 0 0.0788685
9.7584 0 0.083872
9.7608 0 0.0825999
9.7632 0 0.0810735
9.7656 0 0.0819003
9.768 0 0.0815611
9.7704 0 0.0812007
9.7728 0 0.0831512
9.7752 0 0.080925
9.7776 0 0.0796954
9.78 0 0.0796318
9.7824 0 0.0812855
9.7848 0 0.0816671
9.7872 0 0.0830452
9.7896 0 0.0817519
9.792 0 0.0802678
9.7944 0 0.0793138
9.7968 0 0.0821335
9.7992 0 0.0806918
9.8016 0 0.0805858
9.804 0 0.0778297
9.8064 0 0.0801406
9.8088 0 0.079865
9.8112 0 0.0790381
9.8136 0 0.0787413
9.816 0 0.0819639
9.8184 0 0.0805646
9.8208 0 0.0784445
9.8232 0 0.0792926
9.8256 0 0.0811795
9.828 0 0.0813279
9.8304 0 0.0804162
9.8328 0 0.0770452
9.8352 0 0.0784869
9.8376 0 0.0771724
9.84 0 0.0783597
9.8424 0 0.0795258
9.8448 0 0.079971
9.8472 0 0.0786353
9.8496 0 0.0789109
9.852 0 0.0777025
9.8544 0 0.0789745
9.8568 0 0.080395
9.8592 0 0.0788049
9.8616 0 0.0760488
9.864 0 0.0780841
9.8664 0 0.0772784
9.8688 0 0.0762184
9.8712 0 0.076918
9.8736 0 0.0765364
9.876 0 0.0748615
9.8784 0 0.0775329
9.8808 0 0.0772996
9.8832 0 0.077236
9.8856 0 0.0760488
9.888 0 0.0777025
9.8904 0 0.0786353
9.8928 0 0.0766636
9.8952 0 0.0744799
9.8976 0 0.0749251
9.9 0 0.0745859
9.9024 0 0.0775329
9.9048 0 0.0772148
9.9072 0 0.0750523
9.9096 0 0.0741407
9.912 0 0.0761548
9.9144 0 0.0782749
9.9168 0 0.0733774
9.9192 0 0.0743315
9.9216 0 0.07607
9.924 0 0.0755187
9.9264 0 0.0768332
9.9288 0 0.0731866
9.9312 0 0.0740559
9.9336 0 0.0757307
9.936 0 0.0749039
9.9384 0 0.0747979
9.9408 0 0.0734834
9.9432 0 0.073335
9.9456 0 0.0737378
9.948 0 0.0745011
9.9504 0 0.0735682
9.9528 0 0.0741831
9.9552 0 0.0734198
9.9576 0 0.0747343
9.96 0 0.0724022
9.9624 0 0.072593
9.9648 0 0.0716177
9.9672 0 0.0727838
9.9696 0 0.0706213
9.972 0 0.0744799
9.9744 0 0.0729534
9.9768 0 0.0720841
9.9792 0 0.0724658
9.9816 0 0.0745435
9.984 0 0.0734198
9.9864 0 0.0722325
9.9888 0 0.0724022
9.9912 0 0.0707273
9.9936 0 0.0719357
9.996 0 0.0735682
9.9984 0 0.0707697
10.0008 0 0.0725082
10.0032 0 0.070176
10.0056 0 0.0695824
10.008 0 0.0724234
10.0104 0 0.0712573
10.0128 0 0.0719993
10.0152 0 0.0700276
10.0176 0 0.068904
10.02 0 0.0705576
10.0224 0 0.0706849
10.0248 0 0.0704092
10.0272 0 0.0707061
10.0296 0 0.0705152
10.032 0 0.0707697
10.0344 0 0.0713845
10.0368 0 0.0701972
10.0392 0 0.0676107
10.0416 0 0.0711937
10.044 0 0.0722961
10.0464 0 0.0676531
10.0488 0 0.0676743
10.0512 0 0.0672715
10.0536 0 0.0685011
10.056 0 0.0680771
10.0584 0 0.0713421
10.0608 0 0.0694552
10.0632 0 0.0679287
10.0656 0 0.0660206
10.068 0 0.070176
10.0704 0 0.0695188
10.0728 0 0.0692432
10.0752 0 0.0663174
10.0776 0 0.0689252
10.08 0 0.0680347
10.0824 0 0.0693704
10.0848 0 0.0687555
10.0872 0 0.0683315
10.0896 0 0.069328
10.092 0 0.0675047
10.0944 0 0.0668474
10.0968 0 0.0680347
10.0992 0 0.0658722
10.1016 0 0.0694552
10.104 0 0.0679287
10.1064 0 0.0668474
10.1088 0 0.0668898
10.1112 0 0.0680347
10.1136 0 0.0646001
10.116 0 0.0679711
10.1184 0 0.0646213
10.1208 0 0.0678015
10.1232 0 0.0666566
10.1256 0 0.0660206
10.128 0 0.0666778
10.1304 0 0.0672079
10.1328 0 0.0648969
10.1352 0 0.065427
10.1376 0 0.066487
10.14 0 0.0668262
10.1424 0 0.0647061
10.1448 0 0.0635824
10.1472 0 0.0648969
10.1496 0 0.0644093
10.152 0 0.0673139
10.1544 0 0.0649817
10.1568 0 0.0661902
10.1592 0 0.0643669
10.1616 0 0.0650665
10.164 0 0.0651725
10.1664 0 0.0647697
10.1688 0 0.0653634
10.1712 0 0.0627768
10.1736 0 0.0656602
10.176 0 0.0632432
10.1784 0 0.0639853
10.1808 0 0.0633068
10.1832 0 0.0642397
10.1856 0 0.0636037
10.188 0 0.0634764
10.1904 0 0.0645153
10.1928 0 0.0642609
10.1952 0 0.0631372
10.1976 0 0.0629464
10.2 0 0.06354
10.2024 0 0.0620136
10.2048 0 0.0625012
10.2072 0 0.0616107
10.2096 0 0.0638369
10.212 0 0.062904
10.2144 0 0.0633704
10.2168 0 0.0625012
10.2192 0 0.0614623
10.2216 0 0.0626284
10.224 0 0.0633068
10.2264 0 0.0626072
10.2288 0 0.0598298
10.2312 0 0.0608687
10.2336 0 0.0627132
10.236 0 0.0602963
10.2384 0 0.0607627
10.2408 0 0.0615047
10.2432 0 0.062692
10.2456 0 0.0602963
10.248 0 0.0608263
10.2504 0 0.0616319
10.2528 0 0.0607627
10.2552 0 0.0609959
10.2576 0 0.0603387
10.26 0 0.0609111
10.2624 0 0.0589394
10.2648 0 0.0611231
10.2672 0 0.0621408
10.2696 0 0.0609323
10.272 0 0.0605931
10.2744 0 0.0632644
10.2768 0 0.0612927
10.2792 0 0.0617591
10.2816 0 0.0610807
10.284 0 0.0607627
10.2864 0 0.0610807
10.2888 0 0.0602115
10.2912 0 0.0598298
10.2936 0 0.0608475
10.296 0 0.0600842
10.2984 0 0.0577945
10.3008 0 0.0589606
10.3032 0 0.0583457
10.3056 0 0.0577733
10.308 0 0.0600842
10.3104 0 0.058579
10.3128 0 0.059957
10.3152 0 0.0602327
10.3176 0 0.0579429
10.32 0 0.0590242
10.3224 0 0.0590666
10.3248 0 0.0581973
10.3272 0 0.0580913
10.3296 0 0.0556956
10.332 0 0.0568617
10.3344 0 0.0586214
10.3368 0 0.0576461
10.3392 0 0.0576037
10.3416 0 0.0568193
10.344 0 0.0564588
10.3464 0 0.0584306
10.3488 0 0.0581125
10.3512 0 0.0578581
10.3536 0 0.0563952
10.356 0 0.05648
10.3584 0 0.0566285
10.3608 0 0.0575401
10.3632 0 0.0566285
10.3656 0 0.0565224
10.368 0 0.0574341
10.3704 0 0.0570101
10.3728 0 0.0592362
10.3752 0 0.0562468
10.3776 0 0.0563528
10.38 0 0.0565436
10.3824 0 0.0572645
10.3848 0 0.0577097
10.3872 0 0.0565648
10.3896 0 0.0560348
10.392 0 0.0546991
10.3944 0 0.0589818
10.3968 0 0.0552504
10.3992 0 0.0575189
10.4016 0 0.0562044
10.404 0 0.05489
10.4064 0 0.0567557
10.4088 0 0.0549112
10.4112 0 0.0562468
10.4136 0 0.0545719
10.416 0 0.0532151
10.4184 0 0.0558016
10.4208 0 0.0561832
10.4232 0 0.0556108
10.4256 0 0.05542
10.428 0 0.0529182
10.4304 0 0.0541903
10.4328 0 0.055738
10.4352 0 0.0540207
10.4376 0 0.0552928
10.44 0 0.0543811
10.4424 0 0.0540843
10.4448 0 0.053109
10.4472 0 0.0538935
10.4496 0 0.0538723
10.452 0 0.0519006
10.4544 0 0.0540631
10.4568 0 0.0530242
10.4592 0 0.0522822
10.4616 0 0.053109
10.464 0 0.053109
10.4664 0 0.0538511
10.4688 0 0.0537027
10.4712 0 0.0548263
10.4736 0 0.0522822
10.476 0 0.0538935
10.4784 0 0.0531302
10.4808 0 0.0537239
10.4832 0 0.0516886
10.4856 0 0.0520914
10.488 0 0.0519006
10.4904 0 0.0532151
10.4928 0 0.0548475
10.4952 0 0.0506497
10.4976 0 0.0523246
10.5 0 0.0516462
10.5024 0 0.051943
10.5048 0 0.0519642
10.5072 0 0.0539571
10.5096 0 0.0512221
10.512 0 0.0492928
10.5144 0 0.0501197
10.5168 0 0.0502893
10.5192 0 0.0524942
10.5216 0 0.0519642
10.524 0 0.0517098
10.5264 0 0.0492716
10.5288 0 0.0514342
10.5312 0 0.0514554
10.5336 0 0.0516674
10.536 0 0.0504589
10.5384 0 0.0508617
10.5408 0 0.0506285
10.5432 0 0.0508829
10.5456 0 0.0485932
10.548 0 0.0507133
10.5504 0 0.0491868
10.5528 0 0.0509465
10.5552 0 0.0497169
10.5576 0 0.0498653
10.56 0 0.0503105
10.5624 0 0.0510313
10.5648 0 0.0479996
10.5672 0 0.0481904
10.5696 0 0.0492716
10.572 0 0.0493988
10.5744 0 0.0498653
10.5768 0 0.04889
10.5792 0 0.0500773
10.5816 0 0.0485508
10.584 0 0.0499713
10.5864 0 0.0477027
10.5888 0 0.0479572
10.5912 0 0.0494624
10.5936 0 0.048466
10.596 0 0.0493776
10.5984 0 0.0488476
10.6008 0 0.048466
10.6032 0 0.0491444
10.6056 0 0.046049
10.608 0 0.0498229
10.6104 0 0.04836
10.6128 0 0.0483812
10.6152 0 0.0476391
10.6176 0 0.04889
10.62 0 0.048572
10.6224 0 0.0462399
10.6248 0 0.0474907
10.6272 0 0.0488476
10.6296 0 0.0471303
10.632 0 0.0473635
10.6344 0 0.0464307
10.6368 0 0.0452434
10.6392 0 0.0455826
10.6416 0 0.0469819
10.644 0 0.0462399
10.6464 0 0.0463459
10.6488 0 0.048784
10.6512 0 0.0477875
10.6536 0 0.0458158
10.656 0 0.0466215
10.6584 0 0.0463883
10.6608 0 0.0471939
10.6632 0 0.046049
10.6656 0 0.0471303
10.668 0 0.0466003
10.6704 0 0.0460066
10.6728 0 0.0459854
10.6752 0 0.0461975
10.6776 0 0.0463671
10.68 0 0.044989
10.6824 0 0.0449042
10.6848 0 0.045837
10.6872 0 0.0465367
10.6896 0 0.0459006
10.692 0 0.0451586
10.6944 0 0.0468759
10.6968 0 0.045625
10.6992 0 0.0470667
10.7016 0 0.0453918
10.704 0 0.0451162
10.7064 0 0.045519
10.7088 0 0.0470243
10.7112 0 0.0466003
10.7136 0 0.0444165
10.716 0 0.0450102
10.7184 0 0.045307
10.7208 0 0.0461975
10.7232 0 0.0445438
10.7256 0 0.0456462
10.728 0 0.0459218
10.7304 0 0.0438017
10.7328 0 0.0468971
10.7352 0 0.044883
10.7376 0 0.0466639
10.74 0 0.0451798
10.7424 0 0.0424448
10.7448 0 0.0442469
10.7472 0 0.0435473
10.7496 0 0.0441197
10.752 0 0.0419572
10.7544 0 0.0426144
10.7568 0 0.0425508
10.7592 0 0.0431445
10.7616 0 0.042678
10.764 0 0.0421268
10.7664 0 0.0436745
10.7688 0 0.0432929
10.7712 0 0.044777
10.7736 0 0.0433565
10.776 0 0.0441409
10.7784 0 0.0418724
10.7808 0 0.0436321
10.7832 0 0.0405791
10.7856 0 0.042254
10.788 0 0.0419148
10.7904 0 0.0400915
10.7928 0 0.0414272
10.7952 0 0.0427629
10.7976 0 0.0437593
10.8 0 0.0436745
10.8024 0 0.0421692
10.8048 0 0.0418512
10.8072 0 0.0412364
10.8096 0 0.0415332
10.812 0 0.041194
10.8144 0 0.0406003
10.8168 0 0.042678
10.8192 0 0.0417028
10.8216 0 0.0413424
10.824 0 0.0424236
10.8264 0 0.0407275
10.8288 0 0.0416604
10.8312 0 0.0417452
10.8336 0 0.0416604
10.836 0 0.0415544
10.8384 0 0.041936
10.8408 0 0.0428053
10.8432 0 0.0408759
10.8456 0 0.0401339
10.848 0 0.0408759
10.8504 0 0.0422328
10.8528 0 0.0407063
10.8552 0 0.0374626
10.8576 0 0.0407699
10.86 0 0.0404519
10.8624 0 0.041618
10.8648 0 0.040982
10.8672 0 0.039095
10.8696 0 0.0402399
10.872 0 0.0381198
10.8744 0 0.0402399
10.8768 0 0.0403459
10.8792 0 0.0404519
10.8816 0 0.0396887
10.884 0 0.0384802
10.8864 0 0.0418724
10.8888 0 0.0387134
10.8912 0 0.0395191
10.8936 0 0.0393283
10.896 0 0.0398371
10.8984 0 0.0402187
10.9008 0 0.0393707
10.9032 0 0.0397099
10.9056 0 0.038671
10.908 0 0.0402187
10.9104 0 0.0387134
10.9128 0 0.0397311
10.9152 0 0.0390526
10.9176 0 0.0399219
10.92 0 0.0367629
10.9224 0 0.038671
10.9248 0 0.0387558
10.9272 0 0.0367629
10.9296 0 0.0387346
10.932 0 0.0389254
10.9344 0 0.0386498
10.9368 0 0.0377382
10.9392 0 0.038353
10.9416 0 0.0369537
10.944 0 0.038671
10.9464 0 0.0389678
10.9488 0 0.0396251
10.9512 0 0.0378442
10.9536 0 0.0387346
10.956 0 0.0377594
10.9584 0 0.0374838
10.9608 0 0.0374626
10.9632 0 0.038247
10.9656 0 0.0370597
10.968 0 0.0374626
10.9704 0 0.0373141
10.9728 0 0.0371233
10.9752 0 0.0376958
10.9776 0 0.0359361
10.98 0 0.0366145
10.9824 0 0.0369961
10.9848 0 0.0370385
10.9872 0 0.0378442
10.9896 0 0.0361057
10.992 0 0.0362965
10.9944 0 0.0359361
10.9968 0 0.0358937
10.9992 0 0.0367629
11.0016 0 0.03477
11.004 0 0.0373565
11.0064 0 0.035088
11.0088 0 0.0331799
11.0112 0 0.0363389
11.0136 0 0.0362965
11.016 0 0.0369961
11.0184 0 0.0341552
11.0208 0 0.0353636
11.0232 0 0.0372505
11.0256 0 0.0352152
11.028 0 0.0347064
11.0304 0 0.0364873
11.0328 0 0.0361693
11.0352 0 0.0348124
11.0376 0 0.035088
11.04 0 0.0359149
11.0424 0 0.0357241
11.0448 0 0.034982
11.0472 0 0.0365297
11.0496 0 0.0366569
11.052 0 0.0347276
11.0544 0 0.0359997
11.0568 0 0.0340916
11.0592 0 0.0333707
11.0616 0 0.0340704
11.064 0 0.0340492
11.0664 0 0.0346216
11.0688 0 0.0340916
11.0712 0 0.03424
11.0736 0 0.0348972
11.076 0 0.0332647
11.0784 0 0.0339431
11.0808 0 0.0337735
11.0832 0 0.0343036
11.0856 0 0.0346852
11.088 0 0.0332859
11.0904 0 0.0329891
11.0928 0 0.0344732
11.0952 0 0.034346
11.0976 0 0.0330315
11.1 0 0.0334131
11.1024 0 0.0317806
11.1048 0 0.0343036
11.1072 0 0.0336675
11.1096 0 0.0343036
11.112 0 0.0347276
11.1144 0 0.0348124
11.1168 0 0.0324379
11.1192 0 0.0327347
11.1216 0 0.0327135
11.124 0 0.0332859
11.1264 0 0.031929
11.1288 0 0.0339643
11.1312 0 0.0340492
11.1336 0 0.0334555
11.136 0 0.0327135
11.1384 0 0.0323531
11.1408 0 0.0311446
11.1432 0 0.0333495
11.1456 0 0.0325651
11.148 0 0.0324167
11.1504 0 0.0327347
11.1528 0 0.0341976
11.1552 0 0.0327135
11.1576 0 0.0318442
11.16 0 0.0313142
11.1624 0 0.0326287
11.1648 0 0.0324591
11.1672 0 0.0309114
11.1696 0 0.0322895
11.172 0 0.0327771
11.1744 0 0.0318018
11.1768 0 0.031929
11.1792 0 0.0319926
11.1816 0 0.0313142
11.184 0 0.032035
11.1864 0 0.031823
11.1888 0 0.0313142
11.1912 0 0.0321834
11.1936 0 0.0307206
11.196 0 0.0306358
11.1984 0 0.0318866
11.2008 0 0.0312294
11.2032 0 0.0299149
11.2056 0 0.0300421
11.208 0 0.0311658
11.2104 0 0.0309962
11.2128 0 0.0321834
11.2152 0 0.0316534
11.2176 0 0.0298937
11.22 0 0.0310174
11.2224 0 0.0304449
11.2248 0 0.0315898
11.2272 0 0.0313142
11.2296 0 0.0302329
11.232 0 0.0299573
11.2344 0 0.0301269
11.2368 0 0.0311022
11.2392 0 0.030869
11.2416 0 0.0290033
11.244 0 0.0310174
11.2464 0 0.031081
11.2488 0 0.0298513
11.2512 0 0.030869
11.2536 0 0.0310174
11.256 0 0.0290033
11.2584 0 0.0295333
11.2608 0 0.0284096
11.2632 0 0.0299997
11.2656 0 0.0297665
11.268 0 0.0302329
11.2704 0 0.0306994
11.2728 0 0.028664
11.2752 0 0.0300845
11.2776 0 0.0297029
11.28 0 0.02824
11.2824 0 0.0297029
11.2848 0 0.0299573
11.2872 0 0.0291517
11.2896 0 0.027816
11.292 0 0.0295121
11.2944 0 0.0300209
11.2968 0 0.0298301
11.2992 0 0.0293425
11.3016 0 0.0288761
11.304 0 0.0288973
11.3064 0 0.0293001
11.3088 0 0.027604
11.3112 0 0.028558
11.3136 0 0.0287276
11.316 0 0.0294697
11.3184 0 0.0288549
11.3208 0 0.0275192
11.3232 0 0.0289609
11.3256 0 0.0283672
11.328 0 0.0286852
11.3304 0 0.028558
11.3328 0 0.0281764
11.3352 0 0.0270316
11.3376 0 0.0289185
11.34 0 0.02824
11.3424 0 0.0280916
11.3448 0 0.0284096
11.3472 0 0.0289397
11.3496 0 0.0283884
11.352 0 0.028028
11.3544 0 0.0273284
11.3568 0 0.028558
11.3592 0 0.0270952
11.3616 0 0.0275828
11.364 0 0.0265651
11.3664 0 0.0262683
11.3688 0 0.0281552
11.3712 0 0.0273708
11.3736 0 0.028134
11.376 0 0.0289609
11.3784 0 0.0265439
11.3808 0 0.0274344
11.3832 0 0.0267347
11.3856 0 0.0259291
11.388 0 0.0264379
11.3904 0 0.0261623
11.3928 0 0.0258655
11.3952 0 0.0277524
11.3976 0 0.0253355
11.4 0 0.0262895
11.4024 0 0.0267983
11.4048 0 0.0272224
11.4072 0 0.027604
11.4096 0 0.0254627
11.412 0 0.0263319
11.4144 0 0.0258231
11.4168 0 0.0261199
11.4192 0 0.0268407
11.4216 0 0.0253779
11.424 0 0.0266075
11.4264 0 0.0264803
11.4288 0 0.0256535
11.4312 0 0.0266923
11.4336 0 0.0248902
11.436 0 0.0248902
11.4384 0 0.025081
11.4408 0 0.0261199
11.4432 0 0.0255475
11.4456 0 0.0254203
11.448 0 0.0252506
11.4504 0 0.0242754
11.4528 0 0.0253355
11.4552 0 0.025081
11.4576 0 0.0256111
11.46 0 0.0246994
11.4624 0 0.0242966
11.4648 0 0.0252294
11.4672 0 0.0253143
11.4696 0 0.025081
11.472 0 0.0246358
11.4744 0 0.0246358
11.4768 0 0.0263107
11.4792 0 0.0254627
11.4816 0 0.0249114
11.484 0 0.025187
11.4864 0 0.0247206
11.4888 0 0.0260563
11.4912 0 0.0244874
11.4936 0 0.0236606
11.496 0 0.0256323
11.4984 0 0.0240634
11.5008 0 0.0234061
11.5032 0 0.0251234
11.5056 0 0.0225793
11.508 0 0.0239362
11.5104 0 0.0227277
11.5128 0 0.024021
11.5152 0 0.0224733
11.5176 0 0.0235546
11.52 0 0.0232789
11.5224 0 0.0256747
11.5248 0 0.0243814
11.5272 0 0.0231729
11.5296 0 0.0234061
11.532 0 0.0242118
11.5344 0 0.0242118
11.5368 0 0.0240634
11.5392 0 0.0244238
11.5416 0 0.024021
11.544 0 0.0224097
11.5464 0 0.0230669
11.5488 0 0.024763
11.5512 0 0.0234909
11.5536 0 0.0234485
11.556 0 0.0241906
11.5584 0 0.0244026
11.5608 0 0.0225581
11.5632 0 0.024339
11.5656 0 0.0224097
11.568 0 0.0231305
11.5704 0 0.0228549
11.5728 0 0.0236818
11.5752 0 0.0231729
11.5776 0 0.0232789
11.58 0 0.0226853
11.5824 0 0.0229185
11.5848 0 0.0228549
11.5872 0 0.0227913
11.5896 0 0.0230881
11.592 0 0.0227701
11.5944 0 0.0226853
11.5968 0 0.0243814
11.5992 0 0.0217736
11.6016 0 0.0220917
11.604 0 0.0228125
11.6064 0 0.0225369
11.6088 0 0.0224733
11.6112 0 0.0224309
11.6136 0 0.0220493
11.616 0 0.0223461
11.6184 0 0.0223249
11.6208 0 0.0217949
11.6232 0 0.0224945
11.6256 0 0.0210316
11.628 0 0.0219433
11.6304 0 0.0224945
11.6328 0 0.0206076
11.6352 0 0.0217736
11.6376 0 0.0211376
11.64 0 0.0214556
11.6424 0 0.0216888
11.6448 0 0.0210952
11.6472 0 0.0226217
11.6496 0 0.0212436
11.652 0 0.0216464
11.6544 0 0.0212436
11.6568 0 0.021604
11.6592 0 0.0206712
11.6616 0 0.0215404
11.664 0 0.0199715
11.6664 0 0.0211588
11.6688 0 0.0203108
11.6712 0 0.0196959
11.6736 0 0.0205864
11.676 0 0.0203532
11.6784 0 0.0211588
11.6808 0 0.0204804
11.6832 0 0.0205652
11.6856 0 0.0213284
11.688 0 0.0201836
11.6904 0 0.0209468
11.6928 0 0.0201624
11.6952 0 0.0206288
11.6976 0 0.0199715
11.7 0 0.0204592
11.7024 0 0.020544
11.7048 0 0.0202684
11.7072 0 0.0207984
11.7096 0 0.0199927
11.712 0 0.0198655
11.7144 0 0.0194839
11.7168 0 0.0202684
11.7192 0 0.0210104
11.7216 0 0.0201412
11.724 0 0.0201836
11.7264 0 0.0196959
11.7288 0 0.0197595
11.7312 0 0.0193143
11.7336 0 0.0204592
11.736 0 0.0199079
11.7384 0 0.0191871
11.7408 0 0.0208408
11.7432 0 0.0203532
11.7456 0 0.0197807
11.748 0 0.0191235
11.7504 0 0.0197595
11.7528 0 0.0188479
11.7552 0 0.0185723
11.7576 0 0.0190811
11.76 0 0.0186147
11.7624 0 0.0194839
11.7648 0 0.0196111
11.7672 0 0.0196535
11.7696 0 0.020862
11.772 0 0.0192295
11.7744 0 0.0192507
11.7768 0 0.0200988
11.7792 0 0.0193779
11.7816 0 0.0193355
11.784 0 0.0194839
11.7864 0 0.0185511
11.7888 0 0.0196747
11.7912 0 0.0199715
11.7936 0 0.0189327
11.796 0 0.0186571
11.7984 0 0.0184663
11.8008 0 0.0189327
11.8032 0 0.0181906
11.8056 0 0.0183815
11.808 0 0.0184451
11.8104 0 0.0191447
11.8128 0 0.0177242
11.8152 0 0.0196535
11.8176 0 0.0182967
11.82 0 0.0176182
11.8224 0 0.0182967
11.8248 0 0.0184239
11.8272 0 0.0190599
11.8296 0 0.0187207
11.832 0 0.0179362
11.8344 0 0.0180634
11.8368 0 0.0174062
11.8392 0 0.0180634
11.8416 0 0.0185723
11.844 0 0.0181694
11.8464 0 0.0174698
11.8488 0 0.0168762
11.8512 0 0.017809
11.8536 0 0.0175758
11.856 0 0.0178726
11.8584 0 0.0176182
11.8608 0 0.0183815
11.8632 0 0.0171942
11.8656 0 0.0171306
11.868 0 0.0176818
11.8704 0 0.017385
11.8728 0 0.0172578
11.8752 0 0.0188903
11.8776 0 0.016749
11.88 0 0.0163249
11.8824 0 0.0175546
11.8848 0 0.0174486
11.8872 0 0.0171518
11.8896 0 0.0170034
11.892 0 0.0154981
11.8944 0 0.0172366
11.8968 0 0.0168126
11.8992 0 0.017067
11.9016 0 0.017703
11.904 0 0.0160281
11.9064 0 0.016961
11.9088 0 0.0171094
11.9112 0 0.017173
11.9136 0 0.0175122
11.916 0 0.0170458
11.9184 0 0.0167278
11.9208 0 0.0163461
11.9232 0 0.0168762
11.9256 0 0.0158161
11.928 0 0.0170246
11.9304 0 0.016749
11.9328 0 0.0157949
11.9352 0 0.0167278
11.9376 0 0.0175334
11.94 0 0.016855
11.9424 0 0.0159645
11.9448 0 0.0164733
11.9472 0 0.0155405
11.9496 0 0.0160281
11.952 0 0.0176606
11.9544 0 0.0158373
11.9568 0 0.0155829
11.9592 0 0.0161977
11.9616 0 0.0165369
11.964 0 0.0162401
11.9664 0 0.0157949
11.9688 0 0.0159009
11.9712 0 0.0151801
11.9736 0 0.0154557
11.976 0 0.0161129
11.9784 0 0.0156465
11.9808 0 0.0158797
11.9832 0 0.0155829
11.9856 0 0.0154345
11.988 0 0.0164945
11.9904 0 0.0162189
11.9928 0 0.0149045
11.9952 0 0.0161977
11.9976 0 0.0156465
