#time[fm]	N_ccbar=1	N_ccbar=2	N_ccbar=5	N_ccbar=10
3.51759	0.0007183226495726	0.0013986032196969	0.0034253333333333	0.0067938088768115
7.03518	0.0009471688034188	0.0017989820075757	0.0043507916666666	0.0086198324275362
10.55277	0.0011578525641025	0.0021735558712121	0.0051894375	0.0102392844202898
14.07036	0.0013584401709401	0.0024957149621212	0.0059397708333333	0.0116788813405797
17.58795	0.0015384615384615	0.0028062026515151	0.0065991875	0.0129267210144927
21.10554	0.0017040331196581	0.003078574810606	0.0072048125	0.0140197463768115
24.62313	0.0018613782051282	0.003336221590909	0.00771325	0.014987884963768
28.140719999999995	0.0020015491452991	0.0035508049242424	0.0081757291666666	0.0158274637681159
31.658309999999997	0.0021326121794871	0.0037493134469696	0.0085895625	0.0165742391304347
35.17589999999999	0.0022557158119658	0.0039242424242424	0.0089535833333333	0.0172311775362318
38.69348999999999	0.002360016025641	0.0040996212121212	0.0092548333333333	0.0178079574275362
42.21107999999999	0.0024599626068376	0.0042398674242424	0.009537375	0.0183020380434782
45.72866999999999	0.0025681891025641	0.0043757575757575	0.0097861041666666	0.0187562817028985
49.24625999999999	0.0026580128205128	0.0045036695075757	0.0100357916666666	0.0191459239130434
52.763849999999984	0.0027434027777777	0.0046194602272727	0.0102262499999999	0.0195027853260869
56.28143999999998	0.0028185096153846	0.0047192945075757	0.0104064583333333	0.0198145969202898
59.79902999999998	0.0028882478632478	0.0048189867424242	0.0105731874999999	0.0200889130434782
63.31661999999998	0.0029551816239316	0.0049040009469696	0.0107130416666666	0.0203255117753623
66.83420999999998	0.0030176816239316	0.0049791429924242	0.0108489166666666	0.0205428713768115
70.35179999999998	0.0030700854700854	0.0050569365530303	0.0109572083333333	0.0207352355072463
73.86938999999998	0.0031306356837606	0.005122324810606	0.0110425	0.0209046422101449
77.38697999999998	0.0031672542735042	0.0051778409090909	0.0111484166666666	0.021045375905797
80.90456999999998	0.0032095886752136	0.0052302320075757	0.0112300208333333	0.0211896693840579
84.42215999999998	0.0032538728632478	0.0052767045454545	0.0113133125	0.0213014628623188
87.93974999999998	0.0032809829059829	0.0053299479166666	0.0113763541666666	0.0213986911231884
91.45733999999996	0.0033093482905982	0.0053734611742424	0.0114472499999999	0.0215021105072463
94.97492999999996	0.0033488247863247	0.0054061079545454	0.0114976666666666	0.0215894836956521
98.49251999999996	0.003372142094017	0.0054485321969696	0.0115626874999999	0.0216705978260869
102.01010999999995	0.0034048076923076	0.0054813210227272	0.0116038749999999	0.0217388269927536
105.52769999999995	0.0034299946581196	0.0055123579545454	0.0116397708333333	0.0217949456521739
109.04528999999997	0.0034520299145299	0.0055437973484848	0.0116636666666666	0.0218540217391304
112.56287999999996	0.0034604967948717	0.0055719223484848	0.0117013958333333	0.0219010597826087
116.08046999999996	0.0034814102564102	0.0055940814393939	0.0117320833333333	0.0219427943840579
119.59805999999996	0.003513969017094	0.0056024621212121	0.0117380416666666	0.0219845244565217
123.11564999999996	0.0035258012820512	0.0056234611742424	0.0117688749999999	0.0220192028985507
126.63323999999996	0.0035451923076923	0.0056242660984848	0.0117909791666666	0.0220488541666666
130.15082999999996	0.0035696581196581	0.0056477035984848	0.0117907083333333	0.0220799365942029
133.66841999999997	0.0035803685897435	0.0056586410984848	0.011815	0.0221072644927536
137.18600999999998	0.0035909455128205	0.0056794507575757	0.0118432291666666	0.0221303894927536
140.7036	0.0036067574786324	0.0056892755681818	0.0118490208333333	0.0221548731884057
144.22119	0.0036139957264957	0.0057124289772727	0.0118584166666666	0.0221620425724637
147.73878000000002	0.0036184561965811	0.0057208570075757	0.0118757916666666	0.0221819157608695
151.25637000000003	0.0036278311965811	0.0057378551136363	0.0118867916666666	0.0221970471014492
154.77396000000005	0.0036334401709401	0.0057392518939393	0.0119080416666666	0.0222111413043478
158.29155000000006	0.0036504807692307	0.0057476325757575	0.0119185	0.0222241666666666
161.80914000000007	0.0036491452991452	0.0057559422348484	0.0119346875	0.0222328849637681
165.32673000000008	0.0036497596153846	0.0057603456439393	0.0119260833333333	0.0222385190217391
168.8443200000001	0.0036676014957264	0.0057603219696969	0.0119239166666666	0.0222554483695652
172.3619100000001	0.0036709401709401	0.0057625710227272	0.0119268749999999	0.0222753125
175.87950000000012	0.0036808493589743	0.0057628077651515	0.0119507083333333	0.0222710190217391
179.39709000000013	0.0036846688034187	0.0057689867424242	0.0119479999999999	0.0222913269927536
182.91468000000012	0.0036921207264957	0.0057672585227272	0.0119504791666666	0.0222980932971014
186.43227000000016	0.0036866987179487	0.0057756628787878	0.0119673541666666	0.0223001403985507
189.94986000000017	0.0036932158119658	0.0057847774621212	0.0119771874999999	0.0223045969202898
193.46745000000016	0.0036900373931623	0.0057854876893939	0.0119988541666666	0.022309393115942
196.9850400000002	0.0036968749999999	0.0057850852272727	0.0119753541666666	0.0223101766304347
200.5026300000002	0.0036981036324786	0.005781699810606	0.0120021666666666	0.0223136322463768
204.02022000000025	0.0037056089743589	0.005798106060606	0.0119951666666666	0.0223178351449275
207.53781000000023	0.0037094551282051	0.0057991477272727	0.0119893333333333	0.0223244701086956
211.05540000000025	0.0037101762820512	0.005809209280303	0.0120005208333333	0.0223351403985507
214.57299000000023	0.0037091613247863	0.0058164535984848	0.0120008333333333	0.0223323505434782
218.09058000000027	0.0037088408119658	0.0058108428030303	0.0120094999999999	0.0223346875
221.60817000000029	0.0037103098290598	0.005820146780303	0.0120072708333333	0.022338777173913
225.1257600000003	0.0037004006410256	0.0058177793560606	0.0120186874999999	0.0223358740942029
228.6433500000003	0.0037039797008547	0.0058102746212121	0.012005625	0.0223354574275362
232.16094000000032	0.0037018162393162	0.005827012310606	0.0120054791666666	0.022330045289855
235.67853000000036	0.0036962072649572	0.0058284327651515	0.0119977291666666	0.0223373052536231
239.19612000000035	0.0037006944444444	0.0058197679924242	0.0120024583333333	0.0223425996376811
242.7137100000004	0.0036988782051281	0.0058207386363636	0.0120051041666666	0.0223459873188406
246.2313000000004	0.0037051816239316	0.0058271543560606	0.011991125	0.0223522463768115
249.7488900000004	0.0037141025641025	0.0058219223484848	0.0119783541666666	0.0223575996376811
253.2664800000004	0.0037101495726495	0.0058286221590909	0.0119770208333333	0.0223601313405797
256.7840700000004	0.0037086004273504	0.0058219696969697	0.0119984791666666	0.0223526313405797
260.3016600000004	0.0037130876068376	0.0058209753787878	0.0120126874999999	0.0223576585144927
263.81925000000035	0.0037150106837606	0.0058384232954545	0.011999375	0.0223574456521739
267.33684000000034	0.0037161324786324	0.0058290956439393	0.0119986875	0.0223475226449275
270.8544300000003	0.0037138888888888	0.0058325994318181	0.0120174791666666	0.0223547780797101
274.3720200000003	0.0037174679487179	0.0058347301136363	0.01201825	0.0223554619565217
277.8896100000003	0.0037194978632478	0.0058341856060606	0.0120247916666666	0.0223531884057971
281.4072000000003	0.0037207799145299	0.0058229640151515	0.0120250625	0.0223547418478261
284.92479000000026	0.0037306356837606	0.0058294744318181	0.0120130208333333	0.0223561684782608
288.44238000000024	0.0037243856837606	0.0058261837121212	0.0120310625	0.0223589855072463
291.9599700000002	0.003729594017094	0.0058216382575757	0.0120205833333333	0.0223555208333333
295.4775600000002	0.003723798076923	0.0058295691287878	0.0120236249999999	0.0223605389492753
298.9951500000002	0.0037265758547008	0.00582734375	0.0120128333333333	0.0223557699275362
302.5127400000002	0.0037319177350427	0.0058303740530303	0.012019625	0.0223614492753623
306.03033000000016	0.0037271367521367	0.0058297585227272	0.0120186666666666	0.022360634057971
309.54792000000015	0.0037299946581196	0.0058203598484848	0.0120251041666666	0.0223656567028985
313.06551000000013	0.0037375534188034	0.0058268229166666	0.0120250208333333	0.0223670969202898
316.5831000000001	0.0037331196581196	0.0058226325757575	0.0120457916666666	0.0223504846014492
320.1006900000001	0.0037390491452991	0.0058254971590909	0.0120539583333333	0.022354420289855
323.6182800000001	0.0037429487179487	0.0058182054924242	0.0120370416666666	0.0223573188405797
327.13587000000007	0.0037432959401709	0.005822940340909	0.0120532916666666	0.0223490262681159
330.65346000000005	0.0037404914529914	0.0058205018939393	0.0120376874999999	0.0223445516304347
334.17105000000004	0.0037417735042735	0.0058213068181818	0.012043875	0.0223563405797101
337.68864	0.003748157051282	0.0058290482954545	0.0120363958333333	0.0223608695652173
341.20623	0.0037429487179487	0.0058317234848484	0.0120305208333333	0.0223598188405796
344.72382	0.0037414262820512	0.0058317945075757	0.0120309166666666	0.0223645153985507
348.24141	0.003734642094017	0.005824668560606	0.0120332291666666	0.0223644248188405
351.759	0.0037251068376068	0.0058311553030303	0.0120231666666666	0.0223624230072463
355.27658999999994	0.0037305555555555	0.0058245975378787	0.0120301875	0.022367196557971
358.7941799999999	0.0037284188034187	0.005828409090909	0.0120499166666666	0.0223603894927536
362.3117699999999	0.003727938034188	0.0058250946969696	0.0120664374999999	0.0223751449275362
365.8293599999999	0.0037264155982906	0.0058359138257575	0.0120611666666666	0.0223853985507246
369.3469499999999	0.0037172809829059	0.0058353929924242	0.0120493125	0.022394411231884
372.8645399999999	0.0037305822649572	0.0058345880681818	0.0120534166666666	0.0223847599637681
376.3821299999999	0.0037233707264957	0.0058216382575757	0.0120541458333333	0.0223927762681159
379.89971999999983	0.0037189102564102	0.0058050899621212	0.0120577083333333	0.0223880797101449
383.4173099999998	0.0037218215811965	0.0058138731060605	0.0120611666666666	0.0223923233695652
386.9348999999998	0.0037224626068376	0.0058093276515151	0.0120546875	0.0223924411231883
390.4524899999998	0.0037268162393162	0.0058014678030303	0.0120355416666666	0.0223827083333333
393.97007999999977	0.0037289797008546	0.0058148437499999	0.0120270833333333	0.0223976675724637
397.48766999999975	0.0037222756410256	0.0058163352272727	0.0120259166666666	0.0224006114130435
401.0052599999997	0.0037254273504273	0.0058073863636363	0.0120228124999999	0.0223949909420289
404.5228499999997	0.0037249465811965	0.0058182765151515	0.0120287916666666	0.0223908242753623
408.0404399999997	0.0037271901709401	0.0058157670454545	0.0120375208333333	0.0223882925724637
411.5580299999997	0.0037340277777777	0.0058220170454545	0.0120311041666666	0.0223910326086956
415.0756199999997	0.0037319978632478	0.0058137784090909	0.0120239583333333	0.0223883106884058
418.59320999999966	0.0037273504273504	0.0058220170454545	0.0120352083333333	0.0223908876811594
422.1107999999997	0.0037334134615384	0.0058305160984848	0.0120397708333333	0.0223885597826086
425.6283899999996	0.0037330929487179	0.0058260890151515	0.0120490416666666	0.0223863360507246
429.1459799999996	0.0037270566239316	0.0058371448863636	0.0120462708333333	0.0223917481884057
432.6635699999996	0.0037290865384615	0.005840127840909	0.0120655208333333	0.0223925905797101
436.1811599999996	0.0037199252136752	0.0058348484848484	0.0120616249999999	0.0223916032608695
439.6987499999996	0.0037198985042735	0.005837949810606	0.0120576666666666	0.0223929755434782
443.2163399999996	0.0037171474358974	0.0058366003787878	0.0120608541666666	0.022390321557971
446.73392999999953	0.0037255608974358	0.0058339015151515	0.0120613333333333	0.0223888269927536
450.2515199999995	0.0037224358974359	0.0058214725378787	0.012038375	0.0224003125
453.7691099999995	0.0037225694444444	0.0058274857954545	0.0120474791666666	0.022401000905797
457.2866999999995	0.0037231036324786	0.0058297111742424	0.0120679374999999	0.022409696557971
460.8042899999994	0.0037155181623931	0.0058236032196969	0.0120692291666666	0.0224057653985507
464.32187999999945	0.0037177884615384	0.0058156960227272	0.0120614374999999	0.0224179166666666
467.8394699999994	0.0037249198717948	0.0058163589015151	0.0120551458333333	0.0224157925724637
471.3570599999994	0.0037273504273504	0.0058266571969696	0.0120457291666666	0.0224230163043478
474.8746499999994	0.0037280448717948	0.0058229876893939	0.0120571666666666	0.0224130706521739
478.3922399999994	0.0037219017094017	0.0058075047348484	0.0120487291666666	0.0224201041666666
481.9098299999994	0.0037271901709401	0.005815909090909	0.0120509166666666	0.0224200045289854
485.42741999999936	0.003720860042735	0.005804521780303	0.0120513124999999	0.0224107382246376
488.94500999999934	0.0037169337606837	0.0058065814393939	0.01204675	0.0224154347826086
492.4625999999993	0.0037164797008546	0.0057928740530303	0.0120458333333333	0.0224158152173913
495.9801899999993	0.0037200587606837	0.0057934422348484	0.0120551875	0.0224110960144927
499.4977799999993	0.0037132211538461	0.0058018702651515	0.0120466666666666	0.0224033650362318
503.0153699999993	0.0037180021367521	0.0058190577651515	0.0120434166666666	0.0223908061594203
506.53295999999926	0.0037284455128205	0.0058296875	0.0120489791666666	0.0223917119565217
510.0505499999993	0.003727938034188	0.0058331912878787	0.0120470416666666	0.0224030570652173
513.5681399999993	0.0037161858974358	0.0058289062499999	0.0120615	0.0224000226449275
517.0857299999993	0.0037277777777777	0.0058352746212121	0.0120541041666666	0.0224007427536231
520.6033199999994	0.0037259615384615	0.0058336884469696	0.0120478541666666	0.022400634057971
524.1209099999994	0.0037291399572649	0.005823271780303	0.0120375208333333	0.0223975317028985
527.6384999999995	0.003727751068376	0.0058241003787878	0.0120369583333333	0.0224023777173913
531.1560899999995	0.00372922008547	0.0058143939393939	0.0120460416666666	0.0224036050724637
534.6736799999995	0.0037223023504273	0.0058167376893939	0.0120379583333333	0.0223992346014492
538.1912699999996	0.0037197649572649	0.0058134706439393	0.0120294166666666	0.0224037318840579
541.7088599999996	0.0037228098290598	0.0058183712121212	0.0120379791666666	0.0224026313405797
545.2264499999997	0.0037181891025641	0.0058088541666666	0.0120389166666666	0.0223904891304347
548.7440399999997	0.0037136217948717	0.0058108191287878	0.0120534374999999	0.0223998143115942
552.2616299999997	0.0037234775641025	0.0058090198863636	0.012053875	0.0224004981884058
555.7792199999998	0.0037263888888888	0.0058088068181818	0.0120562083333333	0.0223979166666666
559.2968099999998	0.0037213942307692	0.0058175426136363	0.0120621458333333	0.0223961639492753
562.8143999999999	0.0037242254273504	0.0058060369318181	0.0120517916666666	0.0224026086956521
566.3319899999999	0.0037248664529914	0.0058091856060606	0.0120371458333333	0.0223990307971014
569.84958	0.0037241987179487	0.0058035984848484	0.0120501458333333	0.0223954846014492
573.36717	0.0037174679487179	0.0058077178030303	0.0120482083333333	0.0224067481884058
576.88476	0.0037185363247863	0.0058063210227272	0.0120361874999999	0.0223953079710144
580.4023500000001	0.0037156784188034	0.0058074100378787	0.0120404375	0.0223892889492753
583.9199400000001	0.0037159722222222	0.0057953124999999	0.012044625	0.0224000679347825
587.4375300000002	0.0037223023504273	0.0058001183712121	0.0120330416666666	0.0224040081521739
590.9551200000002	0.0037164797008546	0.005796543560606	0.0120322708333333	0.0224186005434782
594.4727100000002	0.0037299679487179	0.0057853929924242	0.012032125	0.0224155615942029
597.9903000000003	0.0037267895299145	0.005780752840909	0.0120262708333333	0.0224102626811594
601.5078900000003	0.0037304754273504	0.0057838541666666	0.0120197083333333	0.0224053442028985
605.0254800000004	0.0037263621794871	0.0057940104166666	0.0120033541666666	0.0223985235507246
608.5430700000004	0.0037236645299145	0.0057781723484848	0.0120112083333333	0.0224049818840579
612.0606600000004	0.0037299412393162	0.0057929214015151	0.0120187291666666	0.022403804347826
615.5782500000005	0.0037314369658119	0.0057811079545454	0.0120097291666666	0.0224038586956521
619.0958400000005	0.0037233974358974	0.0057842566287878	0.0120240208333333	0.0223971603260869
622.6134300000006	0.0037250534188034	0.0057756392045454	0.0120162083333333	0.022396544384058
626.1310200000006	0.0037271634615384	0.0057844933712121	0.0120260625	0.0224015942028985
629.6486100000006	0.0037304754273504	0.0057814393939393	0.0120424583333333	0.0224142980072463
633.1662000000007	0.0037276709401709	0.005788896780303	0.0120306666666666	0.0224130027173913
636.6837900000007	0.0037221955128205	0.0057872869318181	0.0120469375	0.0224162545289855
640.2013800000008	0.0037220085470085	0.0058025094696969	0.0120346874999999	0.0224123505434782
643.7189700000008	0.0037157585470085	0.0057910511363636	0.0120404374999999	0.0224190398550724
647.2365600000008	0.0037152243589743	0.0057879261363636	0.0120445625	0.0224196920289855
650.7541500000009	0.0037108173076923	0.005782481060606	0.0120290625	0.0224139039855072
654.2717400000009	0.0037110042735042	0.0057929214015151	0.0120186041666666	0.0224058559782609
657.789330000001	0.0037069177350427	0.0057885416666666	0.0120265624999999	0.0224013451086956
661.306920000001	0.0037074252136752	0.0057898437499999	0.0120243958333333	0.0224083605072463
664.824510000001	0.0037071047008547	0.0057946732954545	0.0120124999999999	0.0224143387681159
668.3421000000011	0.0037046741452991	0.0057943418560606	0.01201375	0.0224226403985507
671.8596900000011	0.0037111378205128	0.0057847774621212	0.0120266666666666	0.0224144746376811
675.3772800000012	0.0037158386752136	0.0057853219696969	0.0120150208333333	0.0224132744565216
678.8948700000012	0.0037108707264957	0.0057973721590909	0.0120184375	0.0224186231884058
682.4124600000013	0.0037072115384615	0.0057958333333333	0.0120404999999999	0.0224229347826087
685.9300500000013	0.0037114049145299	0.0058004024621212	0.0120351458333333	0.0224252672101449
689.4476400000013	0.0037084668803418	0.0058040956439393	0.012026	0.0224140624999999
692.9652300000014	0.003716266025641	0.0058089488636363	0.0120340208333333	0.0224091802536231
696.4828200000014	0.0037153044871794	0.0058155303030303	0.0120337499999999	0.0224101675724637